# Adaptive K-NN Face Recognition Hardware Dataset
# Train samples: 320
# Test samples: 80
# Features: 50
# Persons: 40
# K_range: [3, 15]
# Data format: feature1 feature2 ... featureN person_id
#
# TRAINING SET
136 155 142 71 112 168 167 226 196 127 117 121 148 186 0 163 208 123 93 59 141 78 149 14 170 167 109 161 214 76 81 216 134 168 135 118 100 146 160 89 139 177 52 119 110 124 66 130 159 182 13
180 162 114 184 215 75 188 131 96 114 97 143 129 151 159 162 171 192 111 55 139 109 179 86 121 121 97 126 126 127 100 89 109 153 127 156 154 145 200 107 151 203 72 101 105 98 144 124 105 141 5
182 124 108 113 120 148 162 107 152 105 78 80 87 116 139 135 123 125 177 49 149 75 100 124 73 124 66 189 195 110 115 127 82 214 136 166 114 186 187 112 104 204 63 156 150 102 155 99 168 140 3
119 121 119 103 149 184 187 189 160 124 96 101 145 101 93 96 161 164 98 86 123 81 173 198 108 103 138 150 142 121 129 153 90 132 137 129 119 171 165 157 109 160 124 99 198 121 179 12 255 132 12
169 172 66 59 101 157 125 71 219 156 73 187 48 195 87 199 144 153 134 175 96 166 155 55 136 47 82 126 157 194 61 94 96 46 52 94 171 56 157 152 101 96 96 168 165 101 230 126 167 122 10
104 122 118 155 100 122 179 107 110 156 135 76 82 123 137 139 31 88 133 116 145 94 109 123 138 127 107 76 125 133 146 139 68 150 57 91 115 169 152 96 152 222 144 134 80 155 121 139 96 134 20
130 130 133 113 153 147 146 165 226 178 123 194 110 85 188 153 142 185 31 79 117 104 155 70 174 128 129 105 115 147 114 178 21 174 67 143 140 173 182 107 115 138 64 140 165 84 155 105 117 155 24
153 94 60 85 182 155 35 115 53 143 78 148 97 120 241 170 227 90 100 151 63 24 138 114 157 120 143 113 99 180 129 134 71 132 73 171 191 73 138 76 137 83 61 71 123 173 167 115 144 163 35
109 147 175 88 138 255 69 220 92 97 102 103 126 105 117 146 129 114 46 110 158 5 136 133 74 132 134 82 164 138 129 167 117 102 136 158 126 114 136 153 135 110 70 143 137 152 139 120 210 150 11
129 153 172 89 89 134 162 205 124 175 161 120 101 171 24 188 195 158 163 140 155 97 133 84 206 176 140 183 158 122 115 115 91 221 130 65 115 133 168 124 84 179 79 153 187 108 88 179 164 159 13
138 154 17 144 124 76 222 207 131 49 105 168 92 81 181 207 109 135 79 88 163 159 119 130 134 115 136 115 179 161 116 230 136 126 66 161 142 78 124 117 148 100 125 110 126 97 131 73 156 238 1
154 170 232 178 104 128 87 90 92 135 96 227 151 144 161 121 105 160 221 153 85 122 99 103 127 239 142 134 196 166 63 158 73 41 171 189 163 58 138 112 115 151 166 34 116 105 37 79 208 179 9
70 90 118 115 158 129 106 112 112 152 118 172 95 108 118 191 148 105 161 71 114 155 162 136 128 181 123 171 158 136 94 166 141 123 149 199 194 126 142 165 128 162 115 95 91 50 160 102 94 139 20
112 149 198 146 150 42 102 182 164 105 86 186 54 132 120 197 181 159 4 80 155 110 185 167 66 92 114 110 178 91 61 199 68 158 139 87 134 124 145 84 53 112 63 42 199 188 160 72 127 124 37
136 160 64 105 81 98 218 213 71 89 82 136 108 66 159 218 120 120 182 117 164 86 118 113 109 236 152 35 174 235 129 124 100 164 38 133 163 73 162 105 98 143 89 184 144 88 171 99 103 177 1
121 61 134 123 126 143 143 133 107 145 136 151 109 110 110 185 99 130 172 108 111 129 120 194 166 125 118 147 161 124 98 151 132 113 130 125 187 163 119 155 133 140 116 141 101 123 122 116 132 105 20
152 81 15 110 169 138 105 189 130 191 95 163 146 109 233 172 155 158 85 186 43 53 125 129 66 104 121 172 156 165 49 127 74 119 63 0 110 217 143 123 130 158 157 129 206 105 113 133 161 168 35
82 92 100 207 152 38 65 158 159 104 175 123 50 130 88 73 111 174 174 110 64 106 149 105 133 63 93 121 197 160 52 159 45 134 72 147 94 92 192 177 153 118 72 110 111 98 132 128 149 117 32
75 91 255 88 57 44 241 147 180 118 80 90 122 82 178 129 143 74 48 133 84 123 105 162 116 57 132 126 140 181 50 126 14 62 117 160 129 108 210 80 189 6 62 168 140 66 48 106 154 180 36
38 138 49 106 149 63 159 152 103 155 87 135 147 183 114 171 120 184 98 156 42 34 49 108 114 97 164 62 148 73 94 88 189 225 105 176 167 78 121 52 206 91 99 142 141 122 189 99 99 79 33
117 161 173 55 172 100 79 72 155 131 87 163 133 94 45 137 120 166 54 99 184 124 101 210 110 153 160 142 239 198 75 158 18 142 64 195 166 157 220 97 126 171 117 61 169 54 153 145 82 151 16
37 140 36 98 114 129 210 172 101 178 134 126 114 146 77 140 111 129 86 203 89 80 54 112 118 137 175 60 139 133 37 136 121 153 97 113 48 62 122 124 129 173 100 92 119 132 191 65 147 197 33
153 90 122 153 110 113 255 54 19 178 61 134 70 148 120 172 73 176 86 84 39 122 211 136 183 64 57 186 223 128 141 130 167 135 27 85 38 86 170 206 98 65 158 24 143 206 89 129 124 120 19
157 207 131 171 13 92 8 144 185 228 154 153 135 121 140 237 89 187 225 76 176 217 155 189 123 36 110 133 176 125 86 150 131 163 148 139 117 255 190 146 108 123 126 73 25 80 151 112 86 145 7
136 122 14 163 87 135 22 179 95 87 106 91 135 122 145 190 141 151 82 99 115 152 99 167 110 120 116 184 184 185 108 158 60 154 94 133 164 60 176 152 121 180 37 112 190 96 108 143 161 197 23
0 130 55 71 163 123 237 154 90 221 115 188 138 158 93 91 38 139 43 189 159 191 75 106 146 72 115 95 128 61 27 111 51 128 147 214 174 135 203 184 145 136 18 106 191 115 101 131 188 187 33
160 181 70 55 85 104 105 49 160 159 101 196 62 143 79 188 154 177 124 211 112 135 172 70 152 57 55 175 179 188 103 121 66 114 97 152 109 78 133 123 90 106 88 131 160 104 188 87 195 145 10
35 141 201 36 131 69 155 151 188 133 64 76 135 0 181 165 110 201 201 100 74 156 95 103 144 88 161 166 102 220 116 176 154 137 117 159 100 120 177 94 129 47 39 145 218 111 144 63 36 164 36
92 155 79 164 123 155 195 52 35 166 53 99 87 45 85 147 183 173 89 56 80 174 215 113 115 113 130 110 215 229 59 121 111 151 122 144 122 101 164 149 144 101 130 160 202 159 87 75 188 175 19
151 141 142 86 109 162 174 234 184 141 135 127 133 162 20 160 205 146 128 136 143 83 133 42 194 155 98 160 197 73 105 166 129 164 129 90 91 123 189 133 108 199 74 132 117 98 59 116 135 144 13
203 147 100 69 124 149 131 66 69 117 131 144 85 84 86 153 3 181 88 127 167 44 167 93 72 194 159 250 87 145 82 184 61 63 125 120 225 218 221 9 163 18 111 142 43 169 197 23 235 197 15
194 82 124 101 137 155 142 140 211 114 83 190 123 64 179 198 111 137 162 120 94 148 101 51 47 152 125 114 165 175 117 151 72 176 135 154 69 156 245 149 136 155 122 159 228 101 125 136 138 160 22
141 57 159 124 157 112 89 88 144 161 146 194 190 89 91 192 113 122 63 73 84 153 134 134 85 149 179 47 159 198 61 65 167 129 90 60 131 85 189 170 206 116 30 113 84 125 163 170 153 200 34
161 96 88 96 140 153 156 124 246 96 84 178 114 113 83 157 152 144 89 106 131 136 132 168 75 180 142 176 119 110 54 180 101 177 135 115 150 217 139 191 125 185 109 130 141 104 167 72 220 146 12
152 113 160 146 151 165 103 130 103 124 101 220 42 127 154 155 135 200 172 145 154 161 83 171 158 77 124 176 156 122 72 111 139 127 109 137 142 107 172 113 171 114 142 140 150 118 99 101 139 136 8
200 131 46 170 74 85 117 200 124 96 109 123 129 66 98 158 184 156 57 187 117 139 114 170 100 166 147 141 98 148 77 167 103 102 113 40 109 52 139 102 127 116 101 134 195 109 164 118 142 159 0
141 116 165 144 175 203 101 151 124 67 130 148 96 119 165 147 111 191 117 127 192 71 106 123 165 21 121 108 121 79 85 40 103 196 63 185 112 71 206 196 122 137 123 52 189 145 177 74 163 163 8
148 49 141 136 103 152 105 79 135 180 178 181 188 24 133 173 107 148 22 49 74 162 134 95 115 127 135 105 161 157 91 155 98 104 68 176 44 154 201 98 231 155 35 108 206 122 94 195 141 207 34
74 67 98 204 156 33 123 138 153 21 119 180 76 74 76 86 141 138 140 127 128 123 171 103 158 68 144 74 120 158 80 68 40 158 123 101 37 67 200 172 121 177 138 112 50 128 71 84 210 155 32
44 89 98 157 87 158 131 111 166 109 96 124 119 138 169 52 139 166 82 92 106 94 139 197 133 186 107 92 140 153 97 88 77 128 126 108 137 105 127 136 72 177 114 52 134 81 112 78 109 170 28
91 95 122 123 147 197 95 74 142 206 162 207 159 28 115 163 100 128 0 38 58 161 147 98 118 138 124 104 114 134 83 125 125 160 47 152 76 164 200 109 189 171 90 87 182 82 158 169 87 196 34
198 161 86 104 142 83 83 85 127 72 136 141 112 16 105 165 207 241 49 97 82 140 96 86 149 129 172 67 209 76 104 31 66 108 219 137 214 221 103 84 205 75 232 87 99 0 169 118 136 196 6
123 160 106 134 100 158 208 114 70 103 84 60 56 85 187 169 131 147 118 61 117 70 141 84 112 19 198 123 166 105 79 68 47 218 97 110 202 144 210 122 82 189 42 96 185 111 91 143 139 166 3
159 187 56 104 180 82 147 144 125 111 169 128 124 11 81 153 104 122 35 79 96 34 94 112 148 99 12 95 114 134 55 144 151 101 204 119 150 144 117 207 113 128 105 111 187 106 83 179 86 153 31
12 122 113 106 102 43 87 99 92 129 90 173 141 79 170 154 172 198 112 145 218 66 75 166 138 54 85 120 162 101 123 129 65 122 19 46 151 131 164 225 170 85 60 128 151 125 144 159 178 157 21
15 127 108 113 81 76 130 88 91 125 139 153 91 82 155 213 160 188 151 179 217 79 162 143 97 132 107 140 182 147 69 202 79 81 117 120 133 124 118 172 177 166 104 123 77 119 123 99 179 164 21
38 130 114 136 74 127 76 136 148 122 115 102 135 141 142 185 211 119 109 97 146 127 140 131 159 58 107 90 146 177 121 91 142 105 104 152 155 158 163 83 128 187 98 130 137 87 139 118 189 150 38
120 178 171 101 106 144 161 213 135 150 162 86 94 145 25 204 200 182 162 147 160 103 114 82 235 160 138 165 173 131 119 75 61 179 104 40 161 123 177 144 119 176 120 131 171 116 107 164 89 215 13
138 89 169 138 177 156 89 164 163 110 104 254 73 113 165 153 97 184 119 140 159 153 91 145 139 112 147 164 131 177 59 109 132 221 110 149 138 112 159 127 142 142 120 175 129 123 99 96 186 129 8
157 118 124 124 101 153 196 176 124 116 93 52 151 124 109 109 184 148 146 100 116 106 160 130 94 91 122 172 144 157 134 101 56 132 87 161 95 188 162 106 140 148 176 94 173 84 177 57 190 148 12
76 171 195 76 177 109 142 111 139 160 161 85 114 130 174 223 134 109 145 89 99 96 184 189 111 144 70 156 190 191 126 87 125 97 74 87 170 120 209 119 189 168 150 135 183 146 152 76 144 179 25
125 138 162 183 201 73 119 76 213 175 88 38 153 186 70 237 50 189 57 197 157 85 153 193 119 170 144 75 91 130 84 169 75 127 77 144 137 128 136 147 112 125 122 107 110 35 103 129 90 163 34
245 112 107 175 222 46 215 128 116 101 81 158 136 156 110 155 107 187 189 120 143 117 140 146 150 94 116 108 140 109 92 75 129 100 130 143 129 137 156 158 140 205 76 104 73 83 150 138 171 135 5
148 172 127 65 111 171 115 199 65 130 87 164 119 123 103 94 124 190 203 108 80 124 140 255 112 82 85 57 108 131 125 120 92 237 54 75 143 161 165 98 130 141 60 148 95 93 156 171 122 197 26
37 141 35 112 122 130 226 151 95 150 135 132 101 137 80 148 117 129 95 186 117 94 99 101 130 114 178 72 155 138 37 130 107 154 102 103 0 50 148 133 130 230 118 91 122 130 170 62 127 181 33
113 171 180 76 181 111 130 66 172 96 114 190 150 43 64 171 154 177 64 101 119 127 108 158 166 214 147 101 252 166 69 205 14 189 7 211 231 150 149 80 173 190 170 23 107 101 127 98 123 175 16
136 123 138 145 186 97 124 160 109 175 123 192 139 54 116 211 180 133 182 89 84 120 116 45 131 97 148 125 137 194 98 113 89 181 71 108 162 104 178 174 160 126 66 104 76 137 121 69 144 195 4
116 152 196 153 169 34 84 154 138 127 100 173 78 116 95 181 214 144 24 79 144 126 151 134 114 31 131 125 138 119 57 173 86 183 124 88 164 112 163 112 102 86 88 66 214 140 142 93 124 130 37
104 62 111 127 83 140 171 124 143 137 132 162 113 93 96 158 66 100 144 77 126 124 162 152 144 155 111 116 161 109 115 196 163 110 145 191 184 145 99 102 143 142 86 126 88 111 102 126 155 134 20
218 123 37 75 228 112 47 60 62 125 35 170 139 84 183 98 220 12 143 246 99 158 137 217 191 129 101 61 108 74 95 234 88 156 79 125 75 105 175 70 108 91 63 154 154 158 166 86 148 109 35
111 65 134 127 114 128 162 132 74 150 128 149 66 110 114 198 119 120 134 102 134 135 167 203 166 145 96 172 169 114 140 139 151 77 141 174 197 81 156 150 125 177 115 89 94 78 154 88 66 104 20
141 112 165 144 168 200 97 151 123 87 117 199 83 119 148 146 105 185 131 124 165 87 90 162 192 55 131 133 125 108 95 60 111 185 81 161 135 63 182 170 126 136 147 123 218 133 135 92 168 115 8
116 150 71 120 91 127 197 123 89 101 155 103 40 61 226 142 100 81 145 77 157 39 123 176 131 0 176 162 111 115 110 87 91 195 129 127 233 81 116 83 63 177 166 113 216 121 100 149 139 255 3
204 138 78 67 139 76 39 84 133 134 127 111 64 97 157 94 166 220 54 81 185 132 109 122 112 133 185 145 240 93 164 74 115 117 142 108 106 153 153 91 89 107 55 83 147 90 157 124 176 158 6
158 184 202 194 68 171 98 68 94 105 87 152 209 108 208 92 90 163 146 180 106 67 138 28 129 133 92 129 172 95 93 146 145 200 129 130 166 33 161 165 36 65 127 40 66 99 119 128 174 154 9
87 149 16 102 217 148 177 166 87 127 173 73 169 84 174 209 136 186 183 88 130 213 168 198 124 151 68 156 173 65 31 159 45 184 84 79 115 48 186 56 33 82 97 92 178 106 103 115 201 84 30
178 61 135 120 194 109 128 142 95 138 152 190 156 56 113 230 152 132 146 72 77 118 109 85 107 116 115 81 147 176 95 117 104 139 123 94 98 120 195 195 123 140 63 115 94 167 124 100 123 224 4
146 169 113 26 130 38 64 187 133 174 134 121 106 54 124 117 93 97 143 43 148 185 139 1 129 81 86 133 184 250 18 108 92 198 118 142 164 168 130 137 207 90 130 103 127 125 144 7 109 148 31
136 127 148 18 122 49 42 180 156 129 0 121 88 139 208 178 71 123 63 84 112 139 245 59 191 203 147 125 97 83 34 36 102 205 95 139 177 92 121 171 186 222 81 148 50 151 121 103 179 127 18
142 208 158 246 109 68 188 210 79 63 112 181 178 96 187 115 95 127 118 243 114 191 174 117 169 170 137 108 185 108 135 157 118 108 122 107 142 127 173 160 122 139 10 151 189 71 185 80 178 147 0
164 48 124 61 190 105 103 122 181 73 86 136 139 114 90 181 70 218 81 163 215 159 109 197 185 122 92 201 249 206 147 136 126 189 149 152 182 66 152 27 140 133 108 176 131 103 129 119 52 158 16
176 138 192 135 62 202 34 101 66 160 93 166 158 130 170 101 107 153 169 108 145 66 104 165 141 36 83 68 163 151 61 118 94 149 100 115 121 31 214 160 91 135 165 93 169 89 116 161 110 103 9
116 153 175 53 120 145 177 123 137 130 122 98 19 167 163 167 105 108 93 2 130 107 131 192 140 115 109 116 226 135 82 191 108 96 112 89 210 109 227 122 152 155 101 66 109 108 154 108 81 181 25
157 86 185 130 123 23 122 147 198 148 87 197 127 175 199 124 157 132 89 142 129 86 170 111 135 165 127 46 133 144 116 91 135 146 74 162 201 118 147 166 54 100 159 151 179 148 94 121 219 182 37
138 138 145 21 136 50 39 177 133 121 0 108 95 116 187 187 75 110 87 92 102 165 222 88 169 192 155 125 109 70 20 41 75 175 88 117 128 92 123 194 191 216 79 144 77 113 98 97 201 159 18
26 141 121 149 123 149 89 118 156 97 124 79 144 107 185 202 145 123 72 120 164 173 149 73 118 87 123 58 164 151 126 93 229 117 66 104 151 191 145 122 54 78 69 137 94 116 133 108 220 121 38
126 159 72 81 68 88 217 228 22 144 100 141 91 79 185 236 120 177 53 103 117 94 117 223 135 173 113 78 140 239 135 157 112 145 116 208 132 126 217 138 96 154 107 146 124 122 142 136 177 138 1
156 191 31 86 102 96 163 74 208 60 174 239 80 150 43 170 106 105 98 102 174 97 140 99 68 111 94 136 92 152 95 70 121 173 21 139 166 0 103 54 139 162 83 82 103 134 122 115 139 180 10
116 139 177 146 171 137 53 101 45 167 106 148 111 174 155 190 184 138 86 25 132 130 120 99 92 180 136 115 121 202 64 137 94 169 127 67 70 121 156 122 54 120 108 109 185 51 176 122 160 207 39
255 125 85 177 185 107 236 156 117 117 115 142 128 98 112 158 126 185 163 127 101 174 111 187 133 94 110 176 169 118 65 89 102 105 113 160 84 186 130 136 166 166 95 99 97 92 129 125 158 149 5
162 178 72 66 132 54 79 193 147 159 166 126 100 62 130 138 114 136 57 65 122 126 122 103 166 56 59 99 155 178 63 109 91 154 132 104 137 161 146 190 129 60 114 114 126 147 124 101 143 165 31
131 156 103 115 152 157 136 158 245 150 85 188 117 84 199 201 107 192 58 107 122 122 156 110 141 106 108 122 177 116 128 204 0 141 107 130 95 119 168 177 72 196 121 133 99 95 151 70 93 166 24
215 55 127 173 7 106 164 135 215 219 158 17 107 117 162 110 82 194 142 14 255 140 131 110 152 133 129 86 92 214 133 116 75 253 181 247 145 91 103 143 135 104 42 149 97 255 148 101 136 95 7
84 98 167 181 48 103 137 139 136 118 102 118 86 144 141 107 152 166 122 124 90 217 97 212 148 196 108 84 74 166 31 97 76 96 121 39 182 90 171 86 198 107 120 118 170 178 139 87 110 196 28
132 136 61 131 209 199 128 128 233 87 54 140 100 137 187 154 152 146 178 58 139 156 38 162 117 159 75 129 156 148 127 141 54 155 120 165 134 204 158 200 150 116 92 108 126 171 126 105 130 128 14
42 119 83 211 141 68 41 133 114 123 179 137 16 100 88 83 85 170 162 48 9 103 167 112 166 173 97 157 165 165 154 128 66 152 62 152 116 130 157 176 109 176 100 171 148 106 190 147 125 130 32
8 129 64 69 157 150 225 168 103 221 101 163 147 156 85 92 56 130 61 206 150 169 95 111 157 73 126 56 137 56 24 132 49 122 153 216 184 162 240 159 134 115 48 105 158 97 79 144 193 196 33
102 144 216 24 185 58 119 130 155 95 130 123 80 119 153 185 144 118 191 84 124 50 153 199 120 92 76 132 161 135 141 160 122 170 139 165 211 73 211 170 153 102 106 122 144 113 89 62 180 192 25
149 187 110 170 131 126 191 99 189 101 99 123 134 80 197 146 71 99 160 64 161 87 81 94 97 150 118 152 195 81 130 57 79 207 95 134 142 171 213 123 84 137 50 137 179 157 134 69 162 159 3
164 188 42 109 170 67 142 192 158 105 160 105 117 29 82 145 118 114 28 89 76 33 78 147 194 100 0 86 97 152 87 84 155 104 183 116 153 103 141 255 113 122 153 71 167 95 104 137 170 208 31
138 100 139 125 133 221 162 164 149 176 116 225 105 39 142 189 108 142 91 87 100 82 159 66 157 177 121 84 130 133 95 172 21 156 113 183 102 140 138 72 139 145 67 77 166 103 116 83 219 137 39
76 116 92 213 155 29 61 160 211 125 140 69 52 150 91 85 118 177 147 120 36 76 146 150 183 114 120 115 183 140 115 217 59 117 52 187 83 104 180 139 170 113 102 148 178 70 183 113 190 182 32
167 181 75 62 85 161 123 75 198 137 66 190 69 207 81 211 129 171 141 148 104 161 129 51 120 116 89 79 192 194 90 93 68 50 103 143 116 81 170 152 78 83 106 107 146 96 198 119 197 180 10
84 146 29 97 238 116 160 158 75 122 168 96 180 94 171 210 150 201 221 44 119 220 186 137 114 122 65 144 153 38 5 176 39 184 94 109 209 27 210 74 89 41 79 106 125 85 151 134 201 100 30
170 181 67 87 100 110 89 52 101 163 105 122 106 63 178 189 152 162 70 88 146 112 105 206 204 153 93 122 104 127 114 177 69 168 132 90 7 82 112 88 150 134 66 140 150 76 82 42 200 179 18
92 203 199 205 93 184 95 101 109 138 83 192 221 82 200 114 84 142 111 179 81 97 141 165 184 165 148 178 205 163 46 110 71 155 199 127 140 16 115 136 162 154 129 86 89 86 128 123 145 175 9
133 124 116 116 119 113 192 144 66 149 93 147 3 118 235 169 169 170 104 128 142 118 140 186 170 20 201 190 204 118 43 242 135 175 109 89 138 162 107 105 146 143 86 115 199 66 133 133 142 184 3
95 132 173 145 206 202 83 178 110 56 146 163 90 117 177 156 89 175 70 125 200 88 122 126 151 50 114 136 135 134 71 94 94 205 70 162 104 61 139 201 129 148 68 137 168 132 198 81 177 121 8
131 179 50 127 109 82 221 199 25 96 112 165 128 69 224 176 149 188 34 63 159 108 171 130 170 154 102 134 146 225 82 122 92 175 172 180 64 159 231 157 162 185 215 93 128 80 168 155 173 123 1
119 168 135 117 174 150 104 172 189 170 115 165 124 110 148 127 154 171 53 91 138 131 167 165 180 81 141 151 138 142 111 197 91 106 115 87 140 142 135 111 112 120 72 174 149 130 143 121 87 126 24
166 161 70 56 101 71 111 210 177 172 144 106 35 43 173 178 94 127 126 93 187 171 155 69 132 83 119 134 196 204 85 87 39 143 118 163 73 93 164 144 81 185 183 106 0 142 164 84 90 146 31
195 188 139 157 82 11 22 112 165 121 143 106 165 126 86 185 101 116 113 92 95 106 97 236 131 111 183 53 107 191 76 181 115 181 22 215 172 194 125 78 126 157 163 83 230 131 58 134 215 117 7
179 80 59 138 83 115 119 129 164 161 133 146 195 139 124 126 54 187 151 88 127 101 177 58 145 80 152 131 149 140 47 132 58 206 112 106 223 62 131 107 145 156 57 107 149 130 153 73 97 119 15
123 154 168 131 186 183 119 121 196 96 149 60 108 128 196 173 91 159 140 136 102 110 116 153 128 105 107 130 176 125 135 90 90 186 103 151 96 116 84 105 113 46 87 122 137 134 148 173 146 201 22
189 37 107 139 88 81 171 82 78 167 166 196 153 102 158 193 121 125 80 73 99 106 123 103 148 108 89 108 146 130 103 141 96 55 71 137 175 123 120 213 65 170 99 119 142 91 181 111 225 125 39
103 45 129 144 73 152 156 103 148 83 96 119 147 135 133 79 164 154 126 92 100 81 92 194 146 171 70 72 161 132 91 129 36 94 125 103 104 75 165 114 85 163 109 38 155 66 95 61 121 189 28
203 174 144 151 78 27 0 93 160 156 111 87 153 172 103 226 128 188 130 95 127 94 150 245 115 114 167 58 163 153 32 147 145 190 76 132 120 196 222 149 112 144 86 127 160 65 89 100 205 89 7
167 34 111 66 165 111 118 126 193 113 122 120 173 111 109 196 38 238 44 175 168 101 162 180 194 102 68 116 207 192 136 85 82 232 131 89 212 85 114 54 137 114 106 187 150 130 158 132 97 157 16
150 155 157 124 182 171 129 133 157 134 140 159 168 100 159 125 161 139 45 62 82 122 161 173 181 42 109 112 127 133 77 170 111 77 109 132 146 108 165 159 133 165 94 173 69 133 138 123 131 171 24
126 177 139 51 71 119 138 157 31 175 91 159 97 106 91 121 33 173 140 129 113 205 170 196 135 78 105 120 157 180 77 107 46 234 65 104 137 151 98 150 80 224 48 42 193 89 164 96 112 158 26
110 119 138 170 140 111 170 96 99 153 126 86 75 147 153 166 56 123 110 147 115 152 107 99 177 125 116 130 159 113 138 173 82 157 37 91 119 179 161 101 143 172 86 125 46 130 109 82 156 168 20
142 167 158 72 128 144 85 245 63 132 72 188 73 147 117 96 102 191 193 133 105 182 98 230 92 85 97 93 123 187 112 157 96 168 72 67 119 198 148 140 160 170 60 128 99 139 123 156 129 142 26
125 186 140 82 94 127 149 148 32 138 105 200 148 72 76 155 100 170 139 165 0 189 130 196 104 150 101 91 190 159 185 149 61 163 16 105 229 147 93 54 146 164 29 0 188 140 82 74 210 140 26
180 107 157 134 107 39 112 92 89 166 100 179 140 189 181 168 175 143 126 53 123 87 144 109 185 116 124 134 128 103 70 152 127 158 99 93 154 70 203 132 109 181 146 111 111 83 165 119 198 171 39
175 144 125 127 100 122 168 96 115 122 121 101 49 90 151 157 110 108 148 70 117 74 100 174 144 36 152 135 198 99 70 125 94 189 112 127 152 137 181 115 121 190 84 109 115 99 164 125 197 174 3
207 101 122 171 107 162 127 177 170 160 127 131 74 58 86 160 151 151 149 161 103 118 157 160 128 127 129 123 118 116 73 75 112 155 99 173 223 117 188 179 128 157 80 99 159 120 173 99 143 165 17
144 10 118 71 165 118 158 97 176 105 139 134 176 125 132 157 47 198 50 143 168 103 125 215 188 123 37 123 171 236 162 94 65 231 133 62 211 100 98 122 127 84 31 104 70 93 181 157 155 146 16
148 166 117 63 88 166 106 205 100 132 65 147 145 129 93 96 143 198 183 76 109 127 173 221 82 68 85 90 124 118 139 169 90 227 98 119 37 183 176 152 108 136 96 145 85 90 187 108 181 245 26
134 156 110 18 134 129 158 5 84 122 252 138 107 173 198 133 171 251 166 156 104 148 167 184 142 108 121 99 95 163 61 101 83 162 148 145 100 153 181 170 169 227 12 147 215 155 137 34 129 152 27
101 147 136 203 161 137 124 117 63 157 111 143 92 181 207 170 151 161 113 129 107 168 150 60 88 156 83 104 148 166 130 159 95 154 107 167 140 138 144 86 127 195 93 141 155 123 127 98 135 190 29
86 112 157 136 177 111 158 183 60 115 128 134 151 196 138 169 144 165 126 105 181 200 131 136 131 64 121 149 153 152 89 103 55 106 91 147 98 134 182 84 170 112 140 100 75 84 94 126 139 175 30
129 137 94 154 131 165 178 114 176 119 56 116 82 131 120 165 172 111 112 83 107 114 97 139 111 90 99 158 139 176 78 102 70 118 74 141 183 134 157 96 165 204 55 177 117 98 109 84 139 98 14
45 93 81 210 126 90 65 132 122 64 182 197 0 114 125 112 99 179 155 73 69 114 168 130 134 180 108 178 187 162 84 144 65 154 116 107 4 151 134 111 69 119 102 148 92 107 117 92 142 118 32
31 72 98 125 45 121 96 127 166 129 112 149 133 100 172 214 148 142 93 137 112 158 118 83 163 126 91 88 158 178 118 76 78 146 102 146 150 160 202 132 107 197 56 82 127 119 111 87 183 137 38
129 136 219 54 165 103 121 123 129 110 171 92 93 154 132 169 116 141 136 121 103 112 127 200 101 126 66 145 143 178 114 97 102 89 136 138 92 152 171 116 136 160 95 107 141 148 97 62 160 221 25
54 144 181 0 157 95 140 130 167 111 50 65 114 14 178 143 92 225 255 74 78 149 84 93 135 113 162 187 60 160 76 227 178 95 75 133 120 57 144 125 61 193 77 73 129 136 142 125 143 154 36
26 131 105 161 133 136 92 124 158 121 112 183 114 72 75 180 166 140 122 118 216 151 175 205 178 54 102 89 138 123 175 69 190 63 150 158 137 183 174 0 155 147 55 73 156 98 129 62 185 87 38
15 130 118 128 123 80 137 80 75 116 97 169 118 75 155 189 155 219 148 91 206 76 98 125 132 102 71 136 198 63 112 163 77 87 69 90 161 149 186 201 198 116 103 94 97 113 156 109 152 233 21
98 96 238 81 52 45 190 110 126 103 80 98 96 118 154 186 149 179 43 219 70 89 155 128 76 99 60 179 106 213 93 81 43 154 173 99 83 129 175 100 143 168 60 83 90 90 198 175 212 131 36
124 125 160 175 215 65 127 82 230 164 64 50 139 153 38 228 40 190 47 222 183 96 137 210 101 156 129 87 85 145 118 188 66 108 90 126 150 104 159 165 158 158 119 107 109 94 143 76 147 170 34
81 103 155 141 204 105 188 194 64 79 120 177 148 186 126 158 147 164 103 86 207 165 111 125 143 106 132 159 123 172 92 83 85 93 101 101 59 105 129 93 172 140 144 104 82 97 124 98 146 176 30
93 144 80 146 108 147 197 54 59 139 21 123 119 75 86 154 176 178 133 30 120 191 126 171 104 185 139 184 197 209 96 111 86 204 96 169 187 100 150 248 137 151 104 198 168 164 147 84 142 141 19
100 167 142 129 141 106 170 22 129 203 155 66 166 66 126 158 117 105 86 103 99 191 114 120 113 124 90 162 200 147 127 57 62 186 166 85 121 38 130 126 103 147 87 169 124 111 147 105 140 84 2
32 131 129 170 64 151 103 149 157 93 102 156 104 107 122 112 130 154 129 103 96 172 174 190 161 169 108 83 140 109 101 86 113 147 179 56 172 125 155 137 149 61 138 102 206 154 159 74 70 182 28
176 49 159 106 79 176 127 64 169 169 113 202 179 65 196 187 92 214 165 37 179 58 132 38 154 112 125 58 119 134 87 198 42 216 105 113 32 92 228 83 163 73 125 77 255 172 166 140 134 180 9
111 123 131 178 148 105 99 98 55 153 59 171 107 197 154 171 160 147 150 97 112 85 170 101 121 87 109 53 122 176 106 123 109 165 139 119 216 93 195 114 109 222 104 116 198 102 149 140 127 155 29
154 103 116 46 54 132 188 99 206 99 166 255 137 180 162 149 125 125 125 134 121 216 214 0 0 83 151 88 163 162 196 206 92 164 107 109 82 38 192 95 196 145 95 167 114 31 154 154 42 131 27
168 108 162 87 115 105 74 121 92 31 121 165 180 36 38 214 106 224 67 173 90 161 143 182 152 84 69 0 214 183 67 194 79 212 39 140 254 142 123 108 133 228 255 108 210 122 112 93 134 158 16
118 175 155 89 108 111 177 167 82 189 185 116 64 120 48 213 169 170 159 140 141 117 133 120 181 157 146 199 154 177 135 103 47 236 114 84 129 119 189 143 166 178 146 115 191 133 134 103 184 131 13
128 127 101 142 129 160 157 119 186 119 43 113 95 151 130 179 165 115 131 60 101 118 68 178 99 106 94 147 157 178 82 96 66 135 84 158 176 165 150 112 172 170 66 137 123 99 122 108 106 122 14
28 131 114 151 108 150 84 120 164 96 110 137 117 120 121 198 179 122 104 68 204 161 180 185 165 48 123 75 153 130 119 75 187 117 145 154 170 196 181 52 147 155 85 140 100 86 146 102 236 151 38
159 92 142 111 171 152 164 151 204 148 127 189 131 52 190 180 120 188 9 45 136 109 159 92 162 63 100 99 100 135 88 205 29 111 83 159 94 146 214 103 98 152 61 146 162 102 176 98 86 167 24
194 87 151 139 19 107 106 187 53 73 80 80 112 101 91 160 160 157 109 98 140 175 123 83 58 100 88 48 140 87 55 150 111 126 119 94 173 162 166 110 126 165 170 165 123 121 176 78 84 159 0
41 109 112 152 70 134 104 146 160 116 102 159 66 92 123 126 161 178 91 86 98 170 158 235 168 221 147 93 95 141 50 54 118 143 110 70 192 102 185 106 117 88 139 133 147 166 133 110 83 169 28
156 201 55 116 123 153 137 44 168 74 60 208 98 178 45 183 156 206 64 111 152 116 63 105 191 196 95 160 114 233 91 117 50 110 85 120 138 118 157 213 56 139 94 145 91 72 111 143 129 202 10
117 160 154 159 206 87 86 178 101 153 113 127 143 110 106 192 166 129 154 72 134 88 140 113 104 91 157 166 127 234 75 120 90 164 100 101 143 56 191 148 132 105 58 93 158 94 116 72 130 196 4
167 27 104 72 154 120 133 142 207 125 130 121 182 127 138 207 44 234 43 155 141 83 189 137 158 122 50 66 178 206 142 120 53 227 144 98 132 72 123 30 162 152 102 168 170 127 137 113 149 169 16
170 118 169 176 120 73 151 54 72 169 125 107 124 154 171 175 141 169 100 62 132 142 94 33 166 93 82 76 141 104 135 211 67 182 131 69 186 68 166 111 161 245 100 116 138 84 169 117 190 139 39
14 145 102 156 82 132 97 117 116 99 108 105 141 111 192 191 136 141 72 133 140 126 138 53 157 111 114 91 129 163 141 110 93 144 100 129 142 113 156 161 65 185 109 111 89 93 68 94 160 95 38
80 118 87 181 174 124 123 115 90 187 54 189 103 164 146 147 150 167 112 69 136 129 155 115 113 107 87 129 106 213 137 126 114 190 187 86 212 128 142 68 137 168 69 116 132 128 138 125 138 174 29
172 126 109 171 147 177 116 97 109 173 147 100 79 54 84 149 177 167 79 143 137 137 134 153 136 134 116 186 130 129 59 141 107 184 78 142 171 126 177 181 182 172 85 76 135 98 196 98 171 167 17
122 173 155 104 163 151 169 165 239 110 132 118 177 181 204 192 124 124 109 83 119 108 152 206 166 163 114 125 193 134 94 110 132 71 58 106 133 97 175 115 154 144 177 115 241 161 142 127 179 183 25
245 99 104 158 190 43 193 149 118 120 92 166 138 130 119 154 115 185 171 133 137 103 118 156 117 108 115 101 142 121 86 99 139 80 125 75 144 164 126 175 108 163 74 114 128 117 164 149 177 115 5
242 120 112 190 226 78 219 147 119 107 89 166 131 158 111 158 105 195 181 99 118 161 125 170 148 102 105 131 158 109 91 62 124 84 123 169 77 178 144 105 133 163 85 90 95 102 108 110 152 178 5
140 142 132 114 65 221 35 91 179 189 95 127 189 100 178 164 141 161 174 82 139 50 183 167 128 56 123 136 200 137 30 205 48 167 136 212 127 4 184 179 126 95 151 137 73 72 127 96 120 194 9
93 152 192 162 196 173 75 96 99 97 109 133 64 153 172 166 119 181 96 119 163 191 115 93 118 103 117 118 154 161 96 147 106 198 101 187 125 122 138 93 173 116 105 125 147 153 140 87 213 222 8
151 90 152 133 144 185 101 178 170 131 106 244 100 68 173 145 75 193 130 146 133 106 130 72 136 102 118 89 121 127 104 85 76 252 128 138 146 71 222 136 155 169 105 145 213 108 60 126 175 158 8
142 142 44 92 75 68 182 217 75 144 129 121 123 97 193 237 138 171 20 117 111 87 140 199 152 98 117 123 101 202 158 156 124 122 102 202 125 69 128 145 90 123 92 74 172 96 142 120 175 171 1
169 173 159 169 144 155 165 100 170 106 105 67 88 77 159 182 133 171 131 144 88 94 103 81 120 92 103 85 122 147 118 89 65 149 136 114 156 154 124 120 76 73 97 131 120 111 79 122 157 207 22
46 110 110 158 52 144 94 152 197 87 87 170 120 79 125 120 174 183 109 75 115 174 152 178 149 249 116 84 106 113 69 113 105 174 159 87 162 98 206 144 135 112 160 120 167 177 125 96 133 181 28
78 117 92 174 157 123 119 131 100 196 68 207 105 161 146 162 146 168 121 57 110 140 140 127 136 142 95 125 119 225 128 109 100 179 170 110 208 134 130 77 125 147 42 109 129 128 130 101 143 179 29
110 157 150 24 142 167 135 0 57 101 196 89 130 197 187 146 114 235 87 178 31 134 159 145 185 131 138 85 105 191 96 112 109 103 170 114 135 228 252 207 57 159 54 92 159 102 58 11 110 81 27
148 145 131 25 134 59 39 178 118 119 12 135 73 149 226 206 67 142 57 68 89 150 211 97 157 183 103 149 132 48 64 0 80 170 74 118 113 136 138 208 203 185 84 140 122 92 90 115 144 172 18
155 192 79 64 66 115 101 70 180 137 76 197 42 174 51 180 112 163 119 169 126 121 163 63 152 97 93 103 177 189 61 140 81 120 104 113 161 85 143 160 82 100 60 90 133 112 212 106 186 142 10
126 114 92 170 112 182 97 20 124 126 102 101 50 67 63 182 154 132 175 162 145 145 205 112 180 103 147 123 78 143 20 161 189 178 133 170 131 249 105 148 120 152 146 162 217 133 155 255 192 137 19
134 168 194 195 138 47 149 138 170 153 114 121 87 157 204 176 174 172 45 119 132 160 152 168 139 73 104 96 174 85 141 224 41 154 162 147 129 112 180 119 157 216 93 123 200 177 144 132 134 212 37
203 139 92 154 60 91 52 242 108 122 68 86 130 130 97 149 106 179 104 94 132 168 140 102 103 83 152 111 152 100 65 107 89 72 118 144 160 70 190 93 104 121 115 159 174 89 109 92 115 206 0
128 165 174 140 66 207 6 113 82 196 100 141 163 99 147 107 112 166 125 116 127 78 121 183 149 50 106 114 205 196 49 164 76 116 105 102 110 100 164 153 115 126 112 114 131 77 73 123 128 138 9
150 70 179 92 126 76 187 56 121 177 126 129 148 137 77 105 125 143 125 20 137 139 77 99 122 154 112 147 131 101 65 114 173 172 89 97 45 204 176 134 96 117 120 142 141 78 205 66 101 183 2
188 139 141 76 137 101 185 144 164 97 158 153 68 116 137 205 172 151 162 193 93 92 140 138 162 132 93 97 182 164 111 98 145 107 155 100 159 95 184 180 84 146 145 111 116 96 134 92 171 175 25
152 155 235 184 93 48 187 196 77 61 137 128 164 145 208 148 57 113 158 227 109 192 139 145 144 133 169 97 235 77 142 169 63 115 116 150 147 101 193 100 97 155 38 139 236 20 229 139 168 182 0
105 184 111 154 188 190 149 112 178 92 126 90 191 84 227 146 117 170 9 88 117 116 150 130 146 80 123 133 178 170 117 137 148 92 101 75 136 127 169 200 80 149 78 123 126 175 169 121 121 167 24
38 140 46 112 137 74 165 162 86 165 106 147 133 200 126 196 134 196 40 128 42 47 24 106 108 120 124 86 200 74 93 107 180 214 163 193 101 128 181 77 179 78 158 133 131 150 183 100 112 102 33
140 182 96 60 120 182 172 154 74 101 90 158 159 103 79 83 124 156 153 84 113 65 156 229 87 155 110 39 110 144 143 142 104 255 79 113 161 102 106 62 161 209 91 136 94 136 146 117 154 206 26
95 162 133 209 144 173 132 157 86 152 128 114 102 143 223 158 124 142 93 187 101 196 121 97 105 155 118 141 154 168 136 137 97 154 74 154 143 131 125 131 99 174 94 179 123 120 137 100 139 138 29
166 154 120 201 145 164 136 104 107 151 136 66 31 24 150 160 149 163 29 172 117 144 147 119 111 96 109 75 121 155 98 169 102 214 116 145 200 79 212 178 156 154 123 114 69 63 120 43 142 143 17
135 176 143 84 127 158 112 199 27 151 98 190 126 91 80 89 131 194 163 153 39 152 131 236 108 111 69 113 125 143 160 174 114 175 55 68 105 160 116 51 166 201 0 90 110 143 82 104 184 174 26
157 118 133 99 163 185 120 149 224 89 94 201 110 70 190 216 107 156 151 114 92 130 108 84 84 157 94 109 172 128 156 169 78 225 125 134 68 115 198 159 169 182 133 132 187 99 112 103 185 144 22
115 171 176 79 168 70 173 97 200 149 145 93 136 162 186 226 139 136 171 102 106 85 143 218 136 151 50 162 216 157 116 86 105 113 53 128 153 105 225 130 161 170 164 129 219 127 143 94 145 173 25
123 184 42 119 110 90 231 198 61 80 108 152 117 86 204 160 110 148 24 61 192 91 214 120 158 179 152 57 131 232 59 119 76 137 163 181 67 124 202 132 183 146 206 63 116 84 179 155 144 91 1
152 126 103 50 61 152 188 105 215 78 179 234 148 194 158 162 147 134 79 81 108 197 157 117 38 118 152 113 139 160 188 255 124 191 77 118 173 68 184 212 188 97 117 103 129 93 152 122 95 132 27
36 121 77 220 148 49 45 136 178 95 171 136 13 145 113 88 71 179 162 53 57 65 197 108 152 176 91 119 176 156 108 179 53 127 122 129 38 172 142 103 75 128 88 124 131 95 175 130 150 166 32
145 116 116 140 171 145 155 145 110 174 130 181 127 20 108 225 174 149 133 85 82 108 134 31 126 88 105 97 122 154 83 134 69 152 59 173 102 134 170 63 132 160 74 73 202 114 93 97 116 164 4
157 109 117 117 115 162 190 175 132 133 112 75 166 104 97 108 193 154 126 115 97 91 188 174 123 72 132 162 138 149 100 101 98 132 80 156 97 167 154 153 138 163 169 107 188 83 174 76 213 115 12
148 74 74 61 173 139 29 112 105 153 74 122 118 165 208 154 201 67 173 246 93 96 161 152 199 122 147 131 147 206 143 161 47 171 103 207 136 178 182 119 76 91 104 58 69 193 175 93 87 194 35
161 192 76 142 120 185 129 101 200 68 37 208 65 148 84 231 180 208 49 119 60 201 21 74 193 174 91 79 131 119 131 161 78 86 104 153 128 125 190 226 65 139 147 78 148 116 175 158 154 240 10
155 81 80 65 152 131 20 92 50 99 66 114 116 121 145 161 255 100 136 215 109 134 117 141 184 139 153 71 128 208 163 148 5 158 144 199 137 134 188 47 52 80 102 100 86 186 152 141 204 146 35
163 181 64 57 118 94 111 184 129 156 150 120 43 51 133 158 63 124 80 90 168 122 125 184 152 112 100 32 203 192 84 148 43 118 159 55 105 121 211 148 80 121 114 87 79 152 144 107 110 129 31
168 111 57 130 143 147 111 159 52 130 71 134 129 138 245 214 236 166 65 125 83 38 178 95 145 135 131 159 105 145 148 147 91 167 110 145 184 105 83 182 179 102 80 17 149 95 178 145 72 103 35
91 91 146 136 185 132 195 194 49 81 119 188 144 138 128 160 166 148 87 94 192 188 106 161 157 72 117 160 120 209 80 90 52 104 51 47 57 120 145 116 127 113 151 89 120 79 139 111 171 127 30
121 121 203 30 165 59 123 155 170 120 134 203 58 77 193 174 164 143 158 157 125 100 169 115 57 182 67 124 171 127 125 118 123 135 101 129 167 105 212 183 133 127 149 141 131 115 89 86 157 140 25
126 109 115 104 141 59 171 119 87 147 106 220 66 172 255 174 160 146 63 107 134 72 182 135 140 110 143 121 242 135 55 177 113 165 133 135 156 221 0 92 84 66 71 104 207 34 49 63 126 250 3
141 105 11 152 125 121 55 190 169 147 128 53 146 162 188 161 82 136 171 93 114 161 126 145 88 38 109 132 192 152 83 117 86 107 137 171 160 156 168 183 154 187 85 84 153 124 90 118 166 229 23
157 202 62 87 84 121 120 48 172 96 73 193 78 180 16 182 126 171 108 124 155 84 110 99 140 161 90 121 142 206 95 145 61 158 115 113 126 114 168 204 47 123 54 121 134 102 121 126 171 169 10
190 91 148 105 117 149 154 153 171 142 92 154 30 69 174 157 144 137 203 143 114 103 140 163 88 108 95 123 148 97 82 117 137 146 111 135 153 148 161 143 79 117 133 156 153 88 146 155 101 105 22
113 107 131 183 159 140 89 141 65 129 88 170 94 156 117 194 157 158 181 115 138 129 146 138 116 92 125 93 121 181 98 72 106 122 158 158 126 108 185 101 97 106 57 84 173 103 120 99 93 196 29
168 101 116 155 76 138 246 31 44 138 33 93 63 116 76 176 96 140 149 79 140 170 231 146 177 82 138 102 155 126 129 109 148 159 22 98 83 81 154 163 159 49 99 59 152 139 132 171 113 161 19
90 203 184 204 101 192 100 92 120 124 82 178 255 80 253 107 64 116 102 181 98 61 149 141 143 167 164 154 229 170 39 55 113 155 154 91 113 11 163 128 110 159 89 143 116 114 174 121 145 147 9
139 174 164 148 173 167 135 131 172 129 135 127 173 106 178 120 149 145 23 84 68 115 152 153 167 30 102 122 158 112 104 175 114 96 115 109 159 93 110 153 140 172 65 167 71 157 155 139 160 187 24
166 145 226 147 117 157 110 165 33 94 148 95 82 150 186 161 105 154 166 164 162 180 71 91 153 160 110 83 105 125 103 210 69 137 91 146 171 154 101 166 164 122 111 95 162 149 167 139 152 170 11
159 146 179 142 93 154 174 94 169 137 99 72 162 109 138 114 129 150 154 111 126 170 137 59 137 118 62 115 181 92 124 133 58 151 162 166 127 121 97 104 148 106 145 73 153 111 160 110 203 191 2
132 125 178 150 202 160 88 148 127 74 122 190 60 166 149 162 104 172 123 125 180 132 65 154 122 99 132 148 127 174 50 99 101 160 88 186 83 107 113 105 180 152 112 133 186 143 116 79 183 144 8
148 111 195 144 136 17 106 174 196 139 96 180 75 167 150 173 155 161 67 132 149 84 189 156 72 148 140 107 170 71 77 136 97 132 117 162 153 81 147 123 26 127 76 83 149 165 123 93 124 135 37
136 104 16 155 88 138 43 165 157 129 120 77 139 147 137 173 129 122 135 114 118 132 160 149 108 120 129 166 166 139 85 140 111 153 137 158 174 114 185 136 126 203 54 71 197 84 107 131 106 227 23
119 45 45 144 85 159 82 128 118 68 88 61 115 150 136 222 143 143 60 149 105 139 95 148 135 122 73 168 185 120 105 150 128 169 107 79 102 131 132 156 132 232 55 88 197 106 188 86 145 177 23
124 175 56 123 89 88 223 215 31 100 113 191 108 66 207 191 135 146 98 104 156 103 168 126 175 161 103 43 189 218 113 155 147 125 84 162 108 106 190 156 105 225 148 160 137 107 184 96 133 180 1
110 74 132 160 29 124 140 123 175 84 89 132 157 103 119 112 239 192 128 90 106 158 96 205 172 250 98 104 106 151 79 128 69 122 127 179 175 84 213 136 141 86 65 122 129 169 131 85 174 186 28
94 92 144 134 179 142 198 202 55 81 123 187 148 116 127 157 164 146 78 97 191 174 113 171 181 61 119 156 119 198 73 88 52 106 37 52 82 101 148 142 117 123 148 95 134 70 149 108 166 103 30
104 132 205 82 147 214 48 157 0 175 134 105 95 81 72 181 124 128 51 75 106 90 125 115 75 158 72 92 144 130 120 80 92 72 132 130 116 122 135 154 90 94 66 68 199 82 136 121 131 105 11
249 90 95 159 171 76 185 153 123 140 109 193 150 98 135 155 104 180 140 116 111 165 115 143 93 118 105 119 176 132 87 113 112 72 114 103 91 177 104 170 82 118 65 145 194 117 111 124 179 143 5
140 151 20 149 166 155 187 93 223 118 66 127 70 138 203 161 116 142 174 45 161 100 52 134 114 124 120 86 182 159 34 149 26 140 97 125 144 146 156 154 201 177 32 81 140 113 120 118 91 123 14
122 130 14 78 103 155 66 68 24 54 159 190 60 97 109 164 0 83 54 168 106 42 116 156 80 171 117 216 83 110 165 182 123 151 131 84 188 129 255 91 132 133 105 107 152 123 80 153 155 193 15
104 112 207 66 171 177 23 172 29 172 142 104 84 126 99 231 131 138 98 23 118 153 123 152 66 179 125 130 167 176 117 32 103 133 97 148 157 44 169 248 127 124 65 97 108 59 170 96 102 138 11
152 92 162 125 208 72 115 158 159 97 106 114 149 117 48 209 117 107 165 133 113 69 164 198 85 149 152 140 131 209 97 122 117 163 151 148 128 28 190 168 91 132 38 107 110 175 157 92 175 196 4
210 111 75 213 61 67 160 173 143 80 105 73 104 62 121 200 165 132 52 179 139 188 113 109 114 97 116 115 53 105 93 182 64 147 133 53 101 70 115 160 153 124 84 101 166 53 156 67 121 170 0
178 127 90 150 83 108 86 168 84 137 54 157 168 173 117 144 74 200 77 66 126 75 106 78 147 74 90 207 164 167 122 181 123 60 77 104 149 89 196 99 129 165 125 100 184 153 135 29 139 115 15
42 92 81 126 94 146 136 97 153 113 114 173 115 119 146 100 101 131 91 65 93 105 152 226 157 201 107 75 171 141 130 128 30 145 116 92 157 130 133 163 79 176 78 80 133 62 104 114 160 153 28
158 107 163 98 124 135 110 70 54 14 126 124 167 49 44 181 152 150 19 146 114 58 177 107 160 40 67 92 202 161 0 96 131 200 74 202 115 168 150 69 72 204 64 79 108 148 215 97 77 174 16
195 150 129 200 109 150 126 154 176 92 71 74 88 99 130 141 172 151 92 80 132 159 87 92 20 172 69 116 140 133 93 168 60 188 143 187 154 116 107 127 192 134 80 142 112 103 162 94 174 181 17
177 108 119 169 130 162 128 166 153 172 133 188 44 37 129 189 139 159 114 177 77 155 119 151 149 142 142 154 190 115 102 102 73 185 99 154 205 129 172 207 187 178 80 114 129 124 176 101 214 120 17
91 98 249 86 60 40 195 122 155 108 70 93 115 101 179 169 157 167 48 184 59 81 135 132 75 82 32 184 115 184 98 69 30 143 163 116 122 126 188 111 155 140 64 101 125 100 170 182 169 138 36
103 101 142 91 112 25 188 66 144 194 147 214 119 122 144 115 144 115 89 11 150 133 80 131 115 140 131 124 123 133 98 130 93 231 90 159 165 160 112 136 3 133 122 130 141 58 188 57 119 216 2
103 255 125 255 85 145 149 135 161 141 139 219 215 80 209 195 61 147 177 121 187 118 139 187 162 174 132 189 159 168 100 43 123 126 140 71 40 156 147 99 113 170 36 97 157 163 255 135 135 179 7
143 148 18 124 139 147 180 107 214 127 79 128 38 130 182 166 112 125 142 59 156 67 82 129 136 109 134 74 180 147 61 176 43 76 90 84 126 108 160 125 201 186 51 60 109 127 128 66 156 110 14
139 144 124 56 48 163 190 75 167 74 178 142 143 253 162 109 168 146 63 42 138 149 171 195 79 78 171 155 113 164 111 182 73 161 106 167 130 142 149 250 190 157 114 47 145 131 144 113 157 118 27
164 124 229 114 134 127 44 162 2 138 144 96 119 144 94 164 118 133 141 58 137 136 73 61 107 172 83 100 83 121 102 118 103 78 61 147 178 129 131 181 136 131 119 122 248 104 196 149 138 113 11
186 142 146 115 149 120 150 104 130 127 117 156 52 87 182 199 170 141 194 158 80 85 110 191 133 98 80 136 179 189 80 140 91 113 121 148 146 102 130 141 159 109 114 140 68 119 95 114 157 147 22
81 82 114 210 148 38 79 141 129 95 146 146 48 128 87 98 129 172 150 82 80 119 157 103 164 51 124 129 176 132 92 123 70 149 52 132 71 72 222 161 132 100 91 115 119 138 119 99 179 132 32
40 139 45 106 131 70 160 158 88 167 104 137 143 214 119 181 129 189 54 125 54 50 28 112 94 100 134 80 194 70 99 110 172 226 152 192 113 125 168 86 170 42 123 125 151 147 170 116 121 103 33
135 115 196 73 100 0 154 75 132 135 66 118 125 137 119 131 104 87 134 95 198 99 140 154 134 126 144 112 127 255 32 187 73 226 115 81 80 106 180 78 86 194 131 144 191 129 163 97 223 136 2
38 140 38 107 118 105 190 159 85 178 137 132 123 159 105 158 131 167 80 177 71 99 0 124 100 121 156 129 168 139 64 131 128 206 114 130 28 93 143 154 134 158 132 116 126 177 196 74 153 196 33
142 150 37 140 155 143 170 112 161 141 97 147 32 100 179 159 117 152 148 136 141 84 115 139 197 100 118 71 147 162 68 154 64 68 109 55 131 94 211 114 138 209 74 93 96 111 114 61 165 120 14
174 178 64 84 117 113 87 48 103 172 100 118 121 84 196 186 156 162 76 71 147 105 101 213 209 156 71 125 119 129 121 171 77 170 123 100 10 84 124 86 162 132 67 143 169 71 82 36 174 166 18
139 144 136 31 81 67 71 172 118 122 23 147 82 96 209 159 42 143 5 77 117 166 187 88 141 196 59 158 135 0 96 10 25 210 86 149 67 164 117 148 154 161 101 73 209 163 153 105 172 150 18
115 149 189 176 137 185 125 104 30 146 122 96 82 92 161 157 101 145 83 122 178 141 105 45 157 117 125 72 144 128 136 219 87 171 102 95 180 126 156 162 93 145 121 123 125 98 144 110 152 122 39
134 133 158 68 91 147 148 232 203 125 100 136 136 174 101 155 199 149 21 53 134 165 42 120 201 164 75 216 201 85 56 254 126 177 54 129 229 154 217 190 134 160 42 108 53 182 116 186 129 140 13
158 174 82 219 86 101 129 124 58 45 111 175 198 86 131 121 109 151 63 112 129 129 163 45 116 142 71 160 130 131 58 197 100 209 68 129 163 153 160 227 75 131 24 77 148 135 84 51 144 137 15
50 143 191 10 129 95 149 154 211 94 46 72 88 3 186 149 89 213 201 82 62 157 84 63 164 71 183 156 63 149 80 236 196 81 112 134 121 73 99 84 85 208 78 51 103 111 140 135 134 144 36
78 140 120 182 255 104 107 75 193 189 78 65 164 119 10 200 79 137 41 130 139 145 209 157 102 150 163 114 103 153 88 177 114 179 98 149 131 95 148 124 123 127 107 71 139 26 134 109 144 161 34
195 115 149 171 91 134 134 161 127 161 139 120 29 50 116 175 140 143 130 148 107 110 152 200 164 124 154 100 127 95 88 104 89 121 81 136 207 18 221 132 141 164 69 67 118 138 180 72 153 162 17
194 117 82 107 161 137 136 166 223 214 131 59 44 105 236 0 144 174 43 189 225 114 160 138 94 229 63 72 205 202 24 160 255 119 17 119 139 67 176 80 128 146 82 39 192 103 135 146 168 150 6
111 102 143 135 121 116 144 134 86 161 131 82 70 145 138 185 71 106 79 136 111 136 77 173 110 83 92 84 143 219 91 164 29 120 73 2 121 195 152 99 126 223 122 84 105 151 140 135 157 120 20
204 97 80 124 124 105 105 142 194 187 137 72 51 96 252 16 214 236 36 187 213 128 118 99 124 238 81 162 199 254 88 69 247 197 65 111 124 110 179 114 167 165 35 50 103 82 121 116 197 186 6
27 109 86 128 75 144 63 96 231 137 129 182 129 86 178 242 129 135 151 95 140 192 132 70 154 72 108 65 122 154 104 84 158 132 88 90 80 160 207 32 119 232 138 72 134 130 173 79 177 192 38
244 74 101 154 173 68 182 133 133 133 113 194 169 108 150 167 120 164 158 100 109 140 148 118 97 130 117 72 159 179 94 85 105 108 116 120 163 129 117 193 58 120 39 173 155 104 132 118 162 187 5
112 90 183 61 152 240 108 183 104 165 155 114 87 75 134 211 130 137 122 89 131 95 139 189 152 205 147 108 143 108 116 138 103 163 113 100 90 103 163 221 152 115 126 97 104 117 171 61 133 137 11
118 129 195 135 147 64 117 174 152 103 92 199 32 117 143 205 173 158 2 70 160 145 180 180 61 123 122 134 178 80 65 177 70 150 163 102 89 112 156 80 52 128 53 68 117 163 137 66 125 171 37
137 147 123 60 45 159 190 82 172 71 189 146 140 255 158 105 163 142 62 47 136 141 169 192 69 83 174 165 109 158 125 186 80 170 112 159 122 135 142 251 193 161 119 53 134 133 135 126 149 122 27
119 182 153 100 110 166 173 213 159 139 140 74 113 151 2 176 198 150 153 105 161 56 169 23 208 174 149 121 170 111 111 87 68 153 111 63 125 132 155 86 121 185 96 86 172 123 91 150 75 235 13
189 63 121 142 86 131 186 100 95 187 143 204 126 75 154 192 106 148 122 90 101 126 124 107 162 144 98 109 167 151 95 136 69 62 94 160 142 105 145 152 83 174 86 111 146 129 145 131 204 134 39
122 179 120 134 192 189 135 142 180 128 125 127 158 95 183 136 139 170 32 64 126 93 162 165 177 71 123 146 149 143 102 179 97 86 124 121 152 120 153 163 112 148 70 157 105 128 148 116 117 186 24
114 139 113 113 169 173 160 167 168 93 81 82 172 136 132 120 166 150 74 91 147 86 174 158 92 124 140 169 168 188 134 182 89 117 125 152 149 156 167 196 137 201 156 143 97 154 175 49 250 139 12
175 168 194 209 54 67 172 174 78 97 125 109 143 112 162 195 107 123 132 180 87 176 138 89 174 102 103 53 174 137 130 228 155 197 124 79 106 146 193 212 186 63 30 89 128 67 159 0 129 188 0
132 139 156 71 92 119 171 190 112 187 165 155 99 91 20 195 157 143 192 212 112 145 148 109 158 204 120 165 189 143 135 136 112 219 100 143 129 62 138 157 155 200 35 136 189 82 85 129 217 76 13
102 138 134 197 175 119 114 125 90 146 86 161 99 200 166 165 142 153 165 118 94 73 168 101 102 135 116 50 118 143 98 116 117 154 100 177 196 132 153 110 138 223 99 131 181 142 155 144 117 182 29
179 187 80 167 25 132 41 150 255 219 146 142 136 51 127 255 138 185 230 129 180 204 145 169 70 15 93 136 170 110 118 113 110 133 138 170 56 179 177 98 74 119 143 77 87 72 178 96 138 164 7
184 106 51 40 194 88 90 80 52 169 145 84 137 54 158 90 140 128 100 109 145 203 98 122 97 147 152 140 189 81 193 127 54 0 78 135 161 74 180 143 112 186 165 107 238 147 238 147 134 229 6
153 131 142 133 131 134 183 128 53 135 151 66 127 118 170 144 187 170 114 148 105 202 155 76 127 117 94 182 140 130 138 108 47 181 29 157 163 156 204 73 110 92 163 161 100 103 94 87 108 143 12
55 142 194 9 139 67 127 136 190 110 60 93 106 24 187 167 109 250 202 116 55 140 100 46 156 95 133 194 54 173 116 192 192 137 139 144 110 90 114 109 76 236 110 37 141 91 162 114 125 142 36
159 83 181 154 108 58 161 147 135 177 125 176 49 170 202 127 163 156 54 97 133 119 117 180 106 132 82 117 151 151 133 177 94 179 165 121 141 133 189 106 71 191 95 118 72 164 128 105 162 205 37
127 148 169 121 196 169 146 116 169 93 144 105 39 137 196 176 89 142 186 120 141 134 114 206 125 109 118 89 176 197 94 117 82 209 96 136 127 150 150 144 150 109 104 118 115 111 140 170 114 177 22
83 114 248 78 79 50 201 125 213 115 61 68 133 96 207 144 143 102 69 142 77 109 96 114 111 25 96 163 131 156 68 122 8 138 95 82 152 128 207 98 241 99 83 157 152 105 132 131 128 152 36
169 178 90 74 103 103 54 73 131 154 61 119 98 163 207 188 140 179 65 29 145 128 111 188 221 161 92 82 138 112 144 138 118 186 110 126 81 166 185 140 136 126 77 118 148 82 121 96 141 192 18
179 130 91 154 97 109 88 170 86 123 54 168 172 172 105 127 73 189 89 79 132 39 126 51 149 90 102 175 144 144 136 173 133 52 71 118 168 69 181 62 145 199 133 116 164 123 108 39 109 87 15
100 15 38 119 95 155 80 127 128 93 111 90 161 151 161 215 72 151 105 92 89 130 131 161 133 97 101 151 216 118 73 198 119 157 158 76 139 115 148 180 142 200 102 150 166 121 122 69 119 186 23
126 245 129 204 81 46 103 140 186 148 175 211 168 89 177 177 89 116 151 89 95 133 106 203 199 126 82 143 114 160 156 98 109 149 88 152 196 171 122 115 197 183 123 27 103 159 155 143 153 157 7
112 41 44 125 73 161 58 134 74 61 105 52 123 156 149 225 135 119 86 115 117 149 133 143 121 119 72 159 171 134 111 190 136 194 108 129 103 68 182 137 135 199 44 108 175 75 181 90 156 183 23
128 116 104 180 102 153 104 3 92 140 79 120 14 60 101 192 156 160 161 142 163 129 173 120 178 102 126 131 90 168 61 210 130 193 154 93 84 220 164 177 190 143 139 119 190 149 156 196 179 150 19
188 146 81 53 176 64 48 69 102 121 121 105 105 96 117 69 156 176 121 89 187 144 84 119 117 127 255 70 217 78 177 105 65 95 93 129 79 100 181 107 115 158 44 122 112 131 117 142 181 142 6
142 172 138 57 106 182 112 215 67 159 91 132 106 110 71 107 101 181 166 117 109 162 185 212 131 29 100 55 126 178 69 100 67 177 74 117 67 136 169 168 127 135 79 107 88 105 177 117 125 219 26
176 113 210 116 115 130 59 179 31 144 137 79 37 178 140 245 92 149 114 91 152 161 83 173 109 181 121 143 111 149 64 117 82 85 93 166 83 108 147 110 105 119 103 122 152 73 116 86 99 176 11
178 123 114 175 140 166 125 140 134 170 130 149 28 52 131 173 179 161 113 162 90 142 110 195 138 148 130 187 159 124 90 139 106 201 99 132 213 117 192 178 189 166 95 97 125 112 191 84 193 158 17
199 141 149 203 100 132 116 153 110 147 151 73 55 71 110 159 163 174 97 172 112 161 121 128 95 83 94 91 117 130 97 158 57 187 120 131 194 127 164 141 218 156 89 152 84 114 183 95 154 156 17
36 129 84 205 156 35 45 150 182 106 156 117 44 106 72 78 92 149 179 65 23 95 167 124 176 155 146 107 190 173 138 195 45 159 72 174 125 135 154 140 126 107 123 131 164 76 189 131 166 163 32
164 137 180 122 89 159 144 122 150 138 97 95 160 114 116 113 139 137 161 109 134 135 119 94 137 110 62 113 150 107 110 148 74 101 165 173 145 144 112 94 191 139 167 69 199 140 171 120 203 198 2
9 100 117 99 81 43 80 161 123 105 109 185 155 93 197 104 148 111 93 98 201 187 100 123 171 75 106 113 116 120 163 58 44 208 16 216 166 132 164 107 100 73 109 64 155 95 97 153 125 150 21
196 94 123 141 138 46 114 107 83 120 111 155 173 135 159 167 190 125 177 111 124 90 114 110 214 104 117 139 104 148 102 115 146 171 84 102 152 151 178 214 134 77 91 116 116 85 131 89 193 187 4
133 149 74 77 75 84 195 224 35 173 102 116 96 102 188 244 123 199 73 104 108 120 133 236 138 152 127 112 145 218 139 165 95 133 101 234 137 110 236 115 94 120 73 126 92 89 123 117 226 188 1
175 62 113 106 94 123 209 93 123 133 137 132 52 96 152 133 94 102 155 27 177 67 104 193 147 98 132 101 157 140 93 130 122 201 98 145 198 136 133 120 65 150 26 156 161 73 163 112 192 142 3
91 148 19 99 226 127 160 166 97 103 158 88 175 112 169 218 145 191 234 41 135 204 177 171 98 161 84 116 156 37 11 189 39 203 87 100 176 17 193 51 67 73 79 82 143 98 142 130 208 91 30
23 121 108 119 110 76 129 79 81 138 97 148 163 34 100 171 178 191 245 146 220 0 183 93 46 159 50 104 159 65 87 149 91 82 86 180 133 170 123 158 157 150 49 148 154 135 96 112 80 184 21
137 125 144 148 190 101 123 160 114 172 129 191 129 75 116 212 181 146 173 85 98 101 117 57 133 99 147 129 140 186 99 125 87 180 94 111 162 110 170 192 142 119 61 96 76 137 128 65 114 200 4
26 120 93 126 59 70 86 129 115 103 145 119 151 43 176 157 208 175 145 173 198 53 120 120 163 56 88 138 123 82 122 89 38 150 21 86 164 125 101 248 206 106 107 161 127 125 130 83 122 156 21
73 124 143 139 190 101 166 163 103 132 106 110 160 220 145 167 143 160 138 115 144 153 132 141 106 143 123 112 150 170 67 110 66 117 77 169 136 143 133 104 160 175 144 68 176 105 101 151 122 178 30
152 75 152 109 98 133 190 201 112 152 141 160 114 99 127 147 140 179 145 114 87 161 143 177 162 101 140 137 162 156 119 125 92 141 112 134 238 136 135 203 90 109 92 175 139 80 105 103 97 133 12
74 137 103 178 246 72 155 82 215 183 26 98 147 55 15 159 110 152 75 148 169 173 133 225 119 65 151 180 149 129 255 169 92 249 151 86 130 95 230 226 131 159 125 60 185 71 81 87 145 178 34
167 107 114 152 84 140 244 37 52 144 29 111 59 124 85 174 116 147 108 63 94 154 255 106 137 104 105 133 219 148 114 170 165 135 75 185 42 87 134 102 223 0 95 20 134 187 62 138 204 189 19
139 129 0 79 130 152 73 84 25 49 124 186 66 115 128 159 11 169 108 133 143 91 141 84 136 206 114 211 93 98 127 180 140 172 149 61 247 183 244 74 152 107 122 120 86 91 112 110 118 181 15
152 150 107 33 115 81 66 160 81 139 53 148 62 116 229 211 56 156 52 90 87 159 186 156 136 162 89 183 150 34 112 26 52 168 85 138 30 142 152 207 204 170 97 115 144 93 57 88 145 185 18
203 118 25 37 187 63 79 46 82 138 62 156 168 137 133 91 124 0 183 255 194 255 143 200 195 144 97 112 123 31 60 211 91 127 169 215 0 135 197 154 65 248 135 163 144 186 124 115 39 188 35
143 123 92 153 138 177 164 131 170 135 64 125 114 114 100 165 181 115 138 105 87 91 97 149 114 98 90 139 126 162 79 83 81 88 94 147 143 168 155 110 136 160 77 99 168 92 123 54 142 115 14
29 101 100 122 81 140 72 144 239 126 115 175 105 91 145 243 146 119 130 97 144 190 141 102 131 97 122 49 136 143 109 92 176 128 114 87 142 213 174 80 154 198 68 93 109 120 159 93 218 145 38
19 121 108 108 80 82 136 92 81 150 128 166 112 46 120 189 155 184 184 207 226 70 153 145 55 175 99 143 151 120 107 196 93 85 94 138 106 147 115 163 164 177 89 145 103 162 112 93 155 160 21
208 186 128 168 75 42 18 98 128 151 140 107 156 135 105 210 147 174 95 51 100 74 118 210 102 107 146 84 138 129 55 121 147 189 75 116 141 173 184 103 133 144 59 150 161 105 96 150 157 59 7
155 145 78 47 192 71 81 59 68 169 157 108 135 43 121 82 185 179 57 80 75 131 142 117 102 114 169 109 230 41 183 42 78 2 43 200 151 58 138 108 112 233 73 92 27 159 156 136 145 199 6
121 161 139 13 132 73 118 3 92 105 207 152 116 177 190 144 160 255 153 105 60 136 131 125 152 89 93 122 112 157 92 108 109 174 184 181 135 184 175 203 158 192 52 106 235 86 107 24 150 213 27
170 98 83 85 123 98 70 146 104 127 86 79 181 148 191 186 244 145 179 240 133 117 167 112 192 175 163 185 165 212 120 211 16 176 99 171 79 224 132 170 99 41 42 48 101 145 219 155 0 0 35
109 84 131 104 96 32 189 65 118 188 168 228 108 91 126 99 149 108 71 34 144 141 63 132 100 142 102 134 96 121 111 134 87 212 73 164 153 137 116 156 0 149 135 105 119 43 189 24 163 212 2
181 128 64 145 82 122 93 140 82 120 87 137 186 166 88 129 77 179 103 91 142 55 143 83 135 87 121 173 127 136 88 119 103 108 66 106 165 115 207 94 158 158 67 94 189 112 162 69 94 89 15
135 179 120 24 147 51 56 163 104 157 113 134 123 81 103 115 77 84 147 56 135 139 134 35 127 89 80 95 183 245 56 176 97 155 153 71 214 183 151 163 157 46 64 79 228 130 158 47 163 127 31
73 100 110 120 126 177 100 123 94 155 133 121 97 96 122 171 129 107 106 96 115 120 150 184 164 134 104 187 132 127 84 112 98 144 126 148 113 128 146 144 98 132 105 129 156 72 169 106 144 95 20
140 186 108 63 155 53 97 167 108 104 118 143 143 106 102 70 98 61 167 143 172 136 127 94 171 109 103 110 184 208 150 161 147 161 255 78 179 210 169 236 255 31 67 74 211 61 157 115 109 142 31
101 173 54 167 80 153 24 147 153 157 121 94 157 107 160 121 138 156 62 97 147 113 143 134 96 63 149 208 143 221 66 137 71 101 96 168 192 127 182 140 70 120 52 160 199 106 145 206 228 244 23
146 147 27 135 150 161 171 102 203 142 70 104 60 108 169 161 115 145 210 105 155 55 77 140 136 147 96 60 164 165 84 101 15 100 103 96 134 156 170 151 170 197 33 68 162 113 137 79 83 116 14
134 89 33 152 91 126 47 184 148 140 113 41 141 164 156 176 83 172 191 84 114 122 180 81 156 87 125 159 203 151 89 159 110 129 177 154 174 58 153 139 165 185 78 84 167 144 133 47 127 197 23
106 148 190 164 153 150 106 66 6 176 126 135 94 119 170 167 128 139 42 79 140 140 104 47 145 145 89 101 126 141 134 221 93 155 119 66 175 118 145 124 113 204 122 133 144 92 172 125 152 128 39
189 83 183 103 91 189 90 189 64 129 125 59 74 146 131 190 104 133 164 90 170 103 118 150 150 132 121 134 125 71 133 89 125 98 93 195 67 71 151 164 106 111 131 156 139 76 144 75 116 154 11
137 135 164 103 179 171 131 145 176 87 140 160 34 112 162 201 105 146 199 112 132 94 91 233 135 140 140 96 177 161 118 107 108 168 93 137 144 135 158 149 149 77 85 101 140 107 140 148 105 135 22
153 146 181 176 87 71 143 141 136 180 102 138 47 116 166 178 159 161 68 151 118 155 122 213 174 65 122 90 154 67 124 177 64 111 152 97 182 94 218 109 85 189 142 95 170 179 171 122 126 174 37
149 48 153 132 99 163 115 95 157 144 169 181 167 62 158 203 101 144 40 89 97 159 123 139 122 130 187 90 166 179 59 191 87 114 70 98 71 163 196 122 219 142 37 116 117 99 96 190 156 173 34
106 166 163 176 213 78 115 139 75 133 105 136 148 97 143 154 171 126 152 77 165 107 154 34 129 83 145 129 118 225 114 160 102 187 102 81 151 100 179 140 175 113 103 117 171 117 123 93 166 160 4
78 127 95 198 195 146 102 156 96 126 81 189 83 155 131 171 129 161 146 83 141 142 172 128 124 101 121 115 125 178 110 100 98 136 169 161 140 130 149 69 85 153 73 110 160 99 129 93 111 194 29
144 171 119 168 120 132 214 156 142 122 103 77 173 91 187 133 131 126 141 140 121 108 146 42 102 183 140 138 182 135 146 83 84 120 52 77 109 229 229 102 28 89 73 134 138 149 106 23 117 142 12
189 54 108 132 92 87 176 197 123 167 168 49 146 138 124 224 78 197 199 34 154 126 129 88 255 93 165 51 142 220 149 158 10 62 155 136 151 126 120 121 139 147 66 76 123 233 112 127 238 155 0
248 146 103 185 181 69 216 132 100 113 127 102 128 135 153 167 134 184 125 107 119 160 136 95 96 118 79 135 130 118 86 118 66 203 87 141 88 148 192 76 110 172 76 131 110 97 88 93 135 147 5
79 154 75 138 95 130 202 34 74 110 30 152 115 72 101 179 113 157 128 0 152 192 113 202 72 139 163 138 205 201 83 88 90 182 84 161 177 69 79 207 92 141 96 157 173 185 154 103 57 178 19
133 157 110 27 130 170 171 11 98 113 230 106 99 192 175 138 158 221 143 154 128 135 193 158 167 100 153 38 88 161 12 85 75 99 124 154 114 179 206 156 116 171 9 93 251 150 162 75 102 164 27
15 128 117 133 114 76 135 61 72 119 102 121 157 28 109 194 166 193 211 137 220 30 166 105 118 90 80 72 161 68 82 122 58 82 79 151 175 124 182 217 143 145 58 150 165 108 111 129 85 203 21
99 157 177 118 163 128 142 65 75 186 120 119 138 75 92 131 161 130 127 59 140 192 102 129 125 139 74 149 164 153 128 139 63 97 145 125 151 106 108 115 215 179 109 130 196 130 221 116 160 136 2
170 103 127 43 182 100 58 108 58 79 63 94 71 70 122 122 128 191 70 98 139 144 134 77 74 124 213 13 245 177 122 93 137 101 176 28 151 132 161 175 124 235 128 116 198 146 64 116 183 60 6
# TEST SET
119 146 91 67 78 81 185 218 17 184 103 135 107 100 166 227 92 193 38 109 93 104 176 201 117 111 106 75 106 176 130 116 107 123 81 255 225 129 223 169 111 164 44 143 98 113 120 133 154 155 1
151 75 30 95 171 124 74 183 154 188 92 130 175 124 222 155 160 147 153 204 44 79 163 110 89 90 131 159 145 173 35 113 56 169 68 68 168 232 148 161 125 146 194 113 122 111 128 120 144 181 35
169 177 86 69 133 100 50 57 127 142 65 116 133 156 175 180 159 160 110 47 127 102 102 168 228 143 105 58 120 130 134 145 89 174 68 104 130 100 163 102 189 107 54 154 121 90 120 68 153 151 18
144 113 200 104 125 107 119 62 45 22 137 150 172 53 57 172 129 124 87 153 92 129 118 147 196 79 102 156 255 191 26 138 137 242 76 191 145 198 159 126 106 211 30 89 106 143 162 42 129 183 16
175 101 156 147 120 66 128 66 61 173 107 136 117 174 168 184 166 148 109 39 130 108 102 96 155 95 97 116 114 120 71 151 110 166 105 33 122 82 224 130 116 199 93 105 120 67 189 121 182 202 39
110 37 48 122 74 158 63 127 82 64 111 45 120 155 141 223 136 122 92 108 115 150 139 145 124 116 86 147 167 115 109 186 134 186 124 127 100 84 170 129 145 190 34 86 176 94 195 84 164 206 23
80 100 114 203 129 38 52 146 133 111 147 103 45 132 99 102 148 168 143 97 76 106 145 96 162 79 128 120 164 144 111 158 64 132 62 165 115 59 230 135 194 102 87 145 177 98 138 105 158 156 32
173 90 124 155 113 141 255 54 71 133 5 111 91 139 100 148 64 157 178 40 104 115 192 138 145 68 75 85 192 94 142 127 160 139 70 122 92 145 183 170 161 24 153 26 151 155 139 146 101 192 19
136 113 105 111 124 120 207 152 88 161 101 199 20 108 238 171 126 154 122 156 109 118 129 193 147 36 188 159 229 100 42 228 131 195 101 77 209 204 57 165 104 106 89 165 182 74 79 121 133 203 3
119 153 149 201 209 76 138 83 225 172 96 0 154 161 80 247 47 193 17 181 145 88 164 170 116 186 128 49 79 130 55 212 69 145 0 161 130 168 107 208 101 141 157 161 145 102 137 65 75 164 34
125 119 201 14 159 34 163 52 103 110 111 113 122 119 122 124 122 94 206 46 128 87 140 168 147 87 91 132 191 169 93 164 105 209 117 191 179 71 231 109 92 194 119 174 148 109 143 107 214 151 25
151 151 82 43 114 123 189 94 173 106 255 187 101 123 187 148 172 163 185 212 95 137 223 115 61 71 115 73 127 99 142 111 144 129 96 80 145 14 132 78 176 198 85 155 173 124 126 32 38 146 27
143 102 145 138 136 205 158 173 134 183 133 227 92 35 148 199 110 149 99 114 96 100 137 89 177 167 125 101 133 130 102 132 20 163 98 163 131 137 148 109 106 165 68 86 166 101 117 103 192 129 39
78 145 97 190 171 162 99 122 55 166 96 152 88 161 158 167 138 176 97 105 120 154 130 115 121 104 100 133 141 203 128 114 102 145 106 135 170 157 154 111 143 189 127 136 169 118 132 102 94 170 29
208 153 110 175 46 92 88 64 71 151 181 186 115 87 175 194 184 144 145 116 165 61 92 150 50 76 133 174 145 129 81 186 69 198 137 146 32 19 145 150 161 179 112 69 54 142 74 156 114 127 9
152 75 16 106 150 93 60 184 176 176 155 122 180 126 205 157 126 124 159 191 108 99 165 131 54 54 125 186 105 130 57 79 97 176 73 94 190 221 138 153 130 177 215 81 103 150 115 128 152 205 35
17 130 112 119 103 100 150 64 69 132 128 142 122 53 109 206 147 190 197 198 232 82 186 138 93 159 99 119 160 126 83 185 58 67 113 163 111 153 127 152 155 184 94 125 96 130 75 91 152 185 21
78 119 110 162 240 76 136 99 213 198 34 136 153 41 14 148 96 136 93 205 149 161 124 232 66 115 152 150 124 175 194 114 106 195 132 53 121 99 232 214 123 146 82 18 183 124 110 101 200 111 34
153 152 237 139 173 71 103 155 59 82 145 117 72 188 167 211 113 147 166 116 179 119 126 62 65 246 97 44 103 145 64 221 66 84 116 153 140 161 94 159 224 123 53 94 170 147 221 126 178 206 11
52 150 185 8 139 93 147 142 198 94 46 64 106 8 181 156 89 219 226 69 54 152 85 83 146 83 173 157 64 142 86 241 192 83 95 129 139 62 124 131 79 227 78 61 112 96 163 134 139 159 36
142 166 132 63 121 183 104 255 115 117 61 164 130 121 80 90 143 171 147 96 110 91 163 176 82 67 100 9 123 119 140 183 125 139 111 116 90 136 186 139 137 115 92 160 88 123 174 99 173 192 26
91 161 79 164 136 153 184 39 39 165 66 83 110 44 125 171 197 184 45 93 68 197 183 95 72 122 113 174 211 253 57 165 103 118 111 126 102 122 162 126 129 131 107 255 180 168 47 87 199 176 19
168 163 156 153 149 163 160 74 163 116 108 69 86 86 170 174 134 168 131 141 94 101 100 85 123 96 107 76 132 148 115 88 69 166 113 141 132 144 139 114 56 81 94 128 124 129 83 131 161 217 22
156 111 143 101 147 171 138 158 217 101 89 196 83 48 162 197 110 148 194 105 127 102 116 94 81 157 123 81 187 117 150 151 71 201 110 144 84 187 222 133 92 129 110 88 220 111 153 130 125 136 22
25 98 97 111 59 128 81 136 174 130 107 148 127 131 141 213 173 128 130 110 100 165 114 102 154 79 99 86 179 148 107 117 114 140 90 150 183 171 179 142 107 181 94 98 139 81 116 96 160 122 38
157 188 45 68 77 89 122 61 213 107 186 172 56 166 38 199 107 108 88 128 161 157 134 140 98 9 105 158 67 157 109 100 120 124 52 148 186 2 111 116 124 135 86 107 166 141 90 112 215 181 10
177 176 45 82 151 62 85 204 186 120 172 138 115 60 125 135 197 115 79 115 121 192 123 80 171 113 63 137 138 215 116 106 66 149 69 141 92 150 102 39 177 76 127 69 186 148 98 48 110 153 31
142 86 115 92 128 190 159 134 204 134 116 176 111 53 93 139 141 168 56 123 122 85 199 163 137 139 125 126 107 80 65 153 91 110 118 156 142 209 154 119 115 166 137 131 201 114 185 56 204 117 12
166 168 72 50 98 164 132 60 217 140 76 179 53 206 87 222 132 143 121 167 80 182 143 53 129 61 90 115 177 167 80 97 95 58 42 114 171 25 151 155 120 93 131 167 157 91 227 117 177 129 10
180 156 113 184 219 90 187 142 80 123 105 154 142 131 113 135 160 183 141 38 120 159 154 117 118 133 104 163 122 130 112 74 119 149 110 178 150 144 181 118 166 200 74 112 78 87 154 116 129 138 5
131 172 128 107 56 147 192 65 170 59 185 87 153 216 178 121 127 164 12 75 88 161 129 93 59 125 199 130 92 149 134 137 58 181 100 100 155 200 162 219 73 110 123 60 57 165 24 107 139 114 27
35 140 117 156 118 151 100 114 161 92 120 77 149 107 200 208 133 137 58 107 162 177 121 75 124 91 110 84 175 136 144 99 219 134 60 105 152 198 152 156 55 95 80 134 91 123 124 92 220 106 38
203 145 116 79 122 161 112 76 29 152 128 133 97 99 107 141 2 202 74 113 150 77 130 90 139 148 167 255 90 115 77 140 52 58 88 68 255 246 247 2 115 14 90 127 76 136 233 55 182 204 15
20 112 110 104 85 77 129 124 98 153 91 194 118 63 169 143 153 193 126 112 213 46 119 143 78 98 74 132 191 83 121 174 90 113 34 81 137 162 191 195 167 118 60 108 159 108 167 124 188 144 21
124 153 184 157 143 81 113 155 114 149 114 172 25 102 132 194 186 166 0 99 138 144 141 203 124 57 108 146 162 85 107 189 76 146 160 103 144 107 187 110 77 163 94 99 173 186 149 126 115 147 37
80 181 173 87 153 142 165 114 142 147 154 79 102 140 205 212 101 113 119 122 124 103 186 168 119 192 121 107 200 172 103 101 120 98 64 66 149 156 209 92 129 156 149 131 178 138 158 92 124 192 25
116 121 137 171 130 134 155 118 113 136 122 67 104 131 145 152 67 124 128 146 120 129 123 65 165 121 108 112 141 85 146 138 102 173 33 121 145 177 160 118 78 126 82 126 71 100 98 99 122 159 20
131 120 102 144 124 168 171 129 174 121 49 113 91 130 122 174 162 117 177 80 104 78 95 174 96 110 87 111 154 152 87 95 61 93 108 157 160 162 162 94 160 167 64 86 155 88 126 64 112 125 14
175 86 150 142 197 115 118 155 110 132 149 148 139 109 91 230 124 131 129 105 96 131 106 159 124 118 119 175 130 167 69 103 132 123 135 112 102 126 178 161 114 127 76 42 130 136 133 41 121 243 4
190 148 125 150 57 71 46 252 58 111 56 142 135 73 85 118 78 181 107 86 164 166 74 83 86 35 70 110 180 184 106 147 59 99 108 144 189 135 170 190 77 255 108 150 218 227 137 91 108 113 0
150 53 133 117 104 158 213 167 95 127 126 89 123 128 108 91 162 156 133 71 143 83 144 191 151 99 104 121 142 170 115 117 71 126 74 158 175 145 120 131 77 151 114 55 227 22 145 39 154 144 12
103 168 135 132 112 130 188 35 165 168 142 85 155 89 106 137 102 98 113 125 118 138 144 138 118 108 119 131 163 110 101 21 44 184 178 99 111 48 77 96 96 145 87 141 139 118 190 148 127 128 2
139 136 173 159 147 179 112 67 105 119 120 91 68 134 196 156 122 198 116 172 147 203 81 69 156 54 109 82 166 107 121 112 112 219 75 157 176 75 204 130 125 117 127 111 115 120 64 83 169 173 8
159 91 197 104 122 120 125 130 156 182 131 165 152 96 116 125 126 167 115 100 110 142 99 120 203 162 109 188 126 83 106 168 179 135 102 183 101 129 173 156 142 142 203 191 179 151 129 48 158 96 2
150 148 134 166 141 176 154 97 100 158 138 92 31 43 94 141 128 140 20 149 113 88 201 98 103 123 85 42 150 113 87 135 93 170 158 155 169 69 171 110 203 177 123 33 87 88 156 61 135 138 17
86 146 11 85 211 121 143 146 79 114 183 98 165 120 198 199 138 166 166 59 105 158 93 177 72 151 53 78 138 92 52 205 63 185 157 84 194 75 137 124 80 136 155 69 144 171 130 176 207 96 30
130 131 119 163 142 165 164 126 140 144 84 109 84 125 153 167 156 129 136 98 104 99 119 142 129 52 83 112 117 143 102 75 78 99 90 136 161 155 193 73 146 195 68 112 152 97 122 79 105 145 14
134 119 22 164 75 122 29 176 118 97 110 72 151 124 128 207 133 179 111 94 72 168 121 160 117 105 143 165 207 158 81 152 35 141 126 167 184 79 182 136 136 161 86 94 140 98 122 98 152 239 23
140 166 60 143 201 115 196 112 138 0 163 89 60 34 128 148 79 100 35 109 113 191 124 130 167 159 57 133 85 168 55 151 137 66 125 213 120 95 229 131 131 95 36 161 229 116 65 198 70 114 31
195 103 96 116 166 100 105 161 182 227 144 64 76 107 245 3 194 201 71 173 233 162 116 107 104 255 38 123 202 222 47 122 247 176 14 130 148 86 205 155 130 181 68 55 154 107 136 156 122 223 6
172 140 211 138 88 145 37 98 54 163 93 203 123 176 149 106 105 154 204 132 134 122 85 146 87 157 98 103 195 224 73 187 88 78 143 118 125 87 158 85 144 195 149 119 99 65 0 100 151 83 9
147 105 185 89 137 115 106 60 33 19 125 123 137 63 44 175 146 131 34 156 142 132 105 113 170 70 76 121 236 186 11 150 119 222 62 171 119 211 215 73 111 225 93 104 54 125 167 128 96 198 16
168 70 152 123 206 83 118 135 123 128 127 179 147 105 94 210 135 120 166 86 81 93 107 122 106 119 147 85 153 175 95 109 141 179 122 95 130 111 201 208 90 139 73 113 98 187 142 101 128 226 4
87 134 189 143 206 182 67 157 113 54 145 151 89 140 163 169 100 173 75 126 191 145 113 117 119 76 136 150 160 154 65 119 89 186 81 171 73 74 115 148 166 121 50 110 140 146 195 70 238 173 8
116 159 190 146 160 61 98 174 138 148 115 200 45 97 117 181 174 156 14 100 115 123 154 175 96 85 105 163 188 87 87 193 74 145 101 106 167 114 138 118 83 149 64 97 182 216 145 95 94 93 37
134 141 159 49 103 165 181 230 192 141 124 127 125 189 3 173 177 112 120 87 133 100 152 32 163 180 114 113 216 76 44 203 150 122 116 120 147 118 156 58 146 117 39 92 121 86 67 153 182 144 13
39 123 72 214 156 55 36 139 161 118 186 131 19 141 115 84 71 176 155 47 27 87 165 116 146 174 84 142 175 172 121 180 66 141 91 129 85 160 145 153 124 163 91 154 113 100 196 145 156 147 32
67 119 127 139 175 130 108 93 72 134 121 116 93 135 120 161 118 104 107 64 118 109 119 64 88 149 85 88 136 173 95 156 108 160 110 106 110 179 158 132 124 184 144 126 83 118 139 130 139 113 20
168 174 76 83 142 89 69 41 90 168 82 107 167 81 148 180 187 131 139 16 120 120 83 191 187 175 98 91 111 102 119 152 70 181 75 93 117 31 142 131 189 132 65 170 144 68 144 43 187 159 18
86 143 26 77 228 132 143 143 87 108 162 81 175 120 177 200 151 175 239 49 97 188 154 124 104 166 64 63 151 93 19 174 66 228 138 73 220 109 188 132 97 106 145 89 82 122 157 158 238 127 30
40 141 47 106 124 86 170 158 67 184 129 135 123 181 106 188 130 189 39 166 50 82 5 121 109 114 140 106 196 113 85 125 162 207 155 185 45 118 174 95 162 79 153 145 112 161 170 79 141 124 33
148 161 163 132 194 160 125 148 154 138 144 154 167 101 151 115 159 131 43 72 95 124 174 171 174 54 94 122 128 135 80 193 117 76 117 147 145 102 126 145 154 179 87 185 46 131 120 110 136 148 24
78 124 88 186 194 135 116 109 76 165 62 180 83 155 153 160 144 170 89 92 143 156 167 113 123 65 69 151 118 187 130 134 112 151 172 108 181 119 178 105 129 177 95 109 120 105 154 93 110 187 29
102 96 148 149 32 99 157 108 117 130 104 131 84 96 105 140 165 176 120 90 105 187 112 235 152 191 150 99 132 115 5 71 96 118 92 47 206 94 200 103 132 111 102 138 91 145 147 107 85 147 28
23 118 73 81 130 111 187 193 83 255 95 162 111 162 113 112 54 159 76 200 179 199 106 74 147 63 108 110 153 135 60 131 57 122 184 219 185 137 192 199 133 126 57 120 123 104 145 112 167 151 33
192 167 131 220 118 143 163 134 150 139 117 63 72 46 143 129 117 137 68 166 95 111 135 73 97 105 107 16 120 142 83 146 120 224 73 127 179 102 167 156 104 140 89 98 123 86 113 36 120 140 17
161 169 139 153 102 105 180 100 135 127 130 104 75 95 181 178 119 106 116 111 78 102 92 182 173 47 158 143 225 124 54 106 89 193 115 84 134 139 158 103 181 167 91 102 115 100 178 111 197 174 3
114 187 149 114 116 148 161 197 123 147 153 80 133 146 12 175 195 156 122 102 148 85 182 16 200 166 158 167 133 137 138 88 45 222 103 93 140 152 141 149 85 214 113 161 188 172 106 163 135 232 13
105 124 211 70 145 212 30 218 28 139 165 84 84 105 113 197 100 128 21 100 162 113 123 164 81 109 111 126 171 147 77 80 75 102 113 136 52 93 118 172 68 93 37 77 141 71 113 98 130 131 11
101 98 240 66 74 51 176 89 121 104 70 84 118 93 145 150 157 179 79 168 69 91 121 107 60 113 39 195 101 168 73 79 49 148 152 154 94 124 199 107 83 186 67 88 98 88 182 222 179 144 36
187 157 106 173 214 56 189 120 107 113 89 169 140 148 148 156 174 177 136 63 143 78 179 108 157 87 126 107 122 115 107 100 102 174 122 171 188 117 193 139 168 197 58 73 126 107 173 145 124 127 5
112 96 131 154 0 101 177 121 164 109 108 129 135 56 95 133 198 176 143 88 133 148 127 174 115 232 128 100 117 92 38 63 97 144 123 119 174 116 171 96 119 74 61 116 76 112 150 98 89 148 28
217 185 93 181 65 101 72 110 122 143 150 119 128 56 93 205 147 177 76 63 105 55 90 213 63 114 87 143 136 109 134 80 157 148 120 175 7 128 160 84 102 118 70 156 156 151 78 137 119 118 7
139 167 32 133 105 88 237 197 64 87 94 124 108 62 160 178 132 144 154 90 185 87 149 143 169 144 180 117 134 252 76 152 107 163 107 144 97 98 193 141 165 159 108 141 173 55 184 118 128 138 1
144 171 122 56 111 186 116 216 103 128 61 142 141 135 66 82 136 170 157 77 106 108 185 209 85 59 92 20 123 141 110 178 112 189 85 96 77 144 175 138 137 105 92 166 64 97 202 118 182 225 26
178 0 122 117 91 95 173 146 116 126 155 114 145 117 131 228 100 183 119 90 115 139 111 160 162 122 128 44 195 173 107 154 78 55 120 58 112 125 128 181 129 127 80 130 138 167 107 84 188 190 0
172 125 49 165 71 87 94 156 73 104 166 164 123 91 104 145 107 123 123 152 160 133 116 160 105 124 133 236 0 143 126 137 125 119 111 114 137 76 176 84 162 144 137 107 167 113 56 166 123 176 15
151 235 176 241 78 63 145 117 158 117 135 214 203 127 205 228 90 139 145 120 91 118 139 216 142 219 124 166 194 117 63 88 115 110 66 158 147 174 192 153 164 158 23 104 189 160 234 110 156 128 7
194 111 85 52 162 74 52 78 74 56 107 96 102 58 122 149 173 191 55 102 128 139 117 83 105 105 249 49 221 74 156 39 54 88 168 71 145 151 132 131 188 166 83 143 128 66 147 153 152 113 6
152 146 163 115 188 147 109 143 142 152 136 164 154 118 124 112 171 142 52 85 122 127 160 178 177 72 114 124 105 143 99 198 109 57 111 141 120 101 142 112 163 144 90 190 94 99 124 122 101 124 24
