# Dataset: iris
# Train samples: 105
# Test samples: 45
# Features: 4
# Classes: 3
# Data format: feature1 feature2 ... featureN label
#
# TRAINING SET
57 53 86 106 1
135 21 151 149 1
57 191 22 21 0
177 128 212 234 2
99 85 134 128 1
170 106 182 234 2
42 117 22 0 0
57 191 26 11 0
7 96 17 11 0
198 106 212 212 2
156 128 177 202 2
42 106 17 11 0
50 106 26 11 0
120 96 151 149 1
85 42 121 106 1
205 128 216 181 2
50 149 26 32 0
28 128 26 11 0
170 138 203 255 2
113 128 164 181 1
78 149 22 32 0
142 74 169 181 2
234 106 242 212 2
241 85 246 202 2
99 106 138 117 1
21 149 17 21 0
57 181 22 32 0
78 202 13 32 0
184 117 169 149 1
85 53 130 128 1
99 255 22 32 0
57 159 17 21 0
106 74 134 96 1
92 96 112 128 1
35 106 17 0 0
35 106 17 21 0
170 117 147 138 1
142 53 173 191 2
255 191 233 202 2
57 159 17 11 0
149 85 199 212 2
21 128 17 11 0
120 21 173 149 2
85 159 13 11 0
142 138 216 255 2
120 21 130 96 1
35 149 39 11 0
241 106 220 234 2
127 85 130 128 1
99 53 173 202 2
106 74 125 117 1
14 32 13 21 0
85 42 117 96 1
149 117 194 181 2
127 106 156 138 1
142 96 199 181 2
57 149 22 11 0
99 96 138 128 1
50 170 17 11 0
170 117 160 149 1
177 85 164 138 1
64 74 125 138 1
205 170 220 255 2
120 74 177 159 1
149 96 143 128 1
142 149 199 244 2
92 85 169 202 2
42 117 22 11 0
184 128 203 234 2
156 85 156 149 1
92 106 134 128 1
241 64 255 234 2
64 223 22 0 0
149 128 186 234 2
113 106 177 181 2
142 32 147 128 1
35 117 26 11 0
241 191 246 223 2
177 106 194 212 2
57 191 39 32 0
0 106 4 0 0
135 85 164 181 2
205 106 207 159 2
106 85 177 244 2
78 202 30 32 0
106 74 177 191 2
50 0 108 96 1
170 138 203 212 2
220 85 220 191 2
71 181 22 11 0
127 85 160 117 1
85 64 147 117 1
191 128 160 138 1
142 53 169 149 1
113 106 138 149 1
64 159 22 11 0
184 117 190 212 2
106 64 130 117 1
106 74 177 191 2
35 149 26 11 0
42 170 17 0 0
99 64 108 96 1
85 234 17 11 0
92 74 138 128 1
21 117 22 11 0
# TEST SET
212 96 229 181 2
127 96 160 138 1
142 85 177 149 2
142 138 160 159 1
127 106 169 181 2
170 117 199 244 2
85 32 130 128 1
92 53 125 106 1
78 149 30 11 0
184 117 177 234 2
106 212 9 11 0
7 106 13 11 0
170 53 207 181 2
156 106 194 181 2
64 149 17 11 0
135 149 190 234 2
42 42 99 96 1
78 181 22 11 0
57 138 30 42 0
99 191 30 21 0
135 96 143 128 1
50 149 22 11 0
163 106 147 138 1
156 106 207 223 2
120 106 164 181 2
149 128 151 149 1
78 106 151 149 1
50 32 99 96 1
92 106 151 149 1
50 128 9 11 0
127 64 199 138 2
149 85 199 223 2
120 149 151 159 1
50 138 17 11 0
149 74 186 191 2
50 159 13 21 0
7 128 13 11 0
28 128 13 11 0
50 159 26 53 0
170 106 173 170 1
99 85 151 128 1
21 170 0 11 0
42 53 151 170 2
156 106 182 202 2
163 96 156 128 1
